1	-10
2	-10
3	-10
4	-10
5	-10
6	-10
7	-10
8	-10
9	-10
10	-10
11	-10
12	0.014029
13	0.6612305
14	0.408456
15	0.1213145
16	0.467273
17	0.2750603333
18	0.1451516667
19	0.323794
20	0.331049
21	0.178868
22	0.1234723333
23	0.234839
24	0.326868
25	0.1245473333
26	1.2577
27	1.1980095
28	1.242512
29	0.455011
30	0.2972915
31	0.3125315
32	0.8276
33	0.1253663333
34	0.146755
35	0.4203806667
36	0.15084
37	0.4467015
38	0.3681705
39	0
40	0.913873
41	0.545167
42	0
43	0.4881035
44	0
45	0
46	0.3194755
47	0.4119915
48	0.2023855
49	0
50	0.145979
51	0.1686363333
52	-10
53	0.295791
54	0.112974
55	0.314863
56	0
57	2.274391
58	-10
59	0
60	0
61	0
62	-10
63	-10
64	-10
65	-10
66	0.5651223333
67	0.1089976667
68	0.8640175
69	0.9980925
70	0.65967
71	0.330938
72	0.1699825
73	0.06022
74	0
75	0.2496475
76	-3.9764935
77	-4.344831
78	0.448586
79	1.5456835
80	0.140945
81	-10
82	1.583692
83	0
84	-10
85	0
86	0.775804
87	0
88	0
89	0.377565
90	0.470627
91	0
92	0.3705745
93	0.0984135
94	0.0301795
95	0.31725
96	0.34723
97	0
98	0
99	0
100	0
101	2.145848
102	1.4673495
103	0.5057135
104	0.2044145
105	0.212549
106	0.530398
107	0
108	0.1686055
109	0.638143
110	0.475475
111	0
112	0.228511
113	0.2756455
114	0.121825
115	0
116	0.746763
117	0.143555
118	0.21556
119	0
120	0.088063
121	0.040261
122	0.1043395
123	0.0871815
124	0.0620905
125	0
126	0
127	0.8382255
128	0.2792685
129	0.225326
130	0.302053
131	-10
132	0
133	0
134	0
135	0
136	0
137	0.053064
138	0.0672625
139	0.0283315
140	0.0680145
141	0
142	0.1973875
143	0.4328545
144	0.510996
145	0.1102815
146	0.449364
147	0.4127495
148	0.6518295
149	0.3160165
150	0.1775315
151	0
152	0.943754
153	0.1528005
154	0.1669695
155	0.0185635
156	0.059394
157	0
158	0.161172
159	0
160	0.329542
161	0.0212445
162	0
163	0
164	0.236359
165	0.2692285
166	-10
167	-10
168	0.5247085
169	-10
170	0.726793
171	0.8529825
172	0.366438
173	-4.727059
174	0
175	0.282927
176	0.4239965
177	0
178	0
179	0.249927
180	0
181	0
182	0
183	-10
184	0.3383875
185	0.165489
186	-10
187	-10
188	-10
