1	-999.000000
2	-999.000000
3	-999.000000
4	0.290347
5	-999.000000
6	4.528934
7	-999.000000
8	8.925661
9	-0.535417
10	1.982029
11	4.015109
12	0.372578
13	-1.667131
14	3.333849
15	0.831864
16	-1.074124
17	-0.258907
18	3.292542
19	-1.111675
20	0.463140
21	0.110448
22	3.525771
23	0.870882
24	1.170047
25	-1.581208
26	-0.305186
27	-1.566127
28	0.776618
29	1.139703
30	-1.094000
31	0.507999
32	-0.792100
33	0.122773
34	0.811753
35	0.318070
36	-0.168110
37	-0.460676
38	-0.927457
39	-0.247544
40	0.536885
41	0.485232
42	1.961261
43	0.158312
44	-0.044668
45	0.065422
46	0.306808
47	-0.860044
48	1.248417
49	-0.584191
50	0.797857
51	0.438762
52	-0.334142
53	0.645595
54	-0.240083
55	-0.033026
56	0.323945
57	0.469178
58	0.269093
59	0.674857
60	0.473573
61	0.526868
62	0.196311
63	0.065692
64	0.760076
65	1.725918
66	0.276510
67	0.888278
68	0.053179
69	0.362884
70	-0.140179
71	-0.070673
72	0.893430
73	0.900067
74	0.635256
75	1.401792
76	0.702565
77	1.449729
78	0.532979
79	0.633158
80	0.465573
81	0.343655
82	1.681897
83	0.311744
84	0.099179
85	-0.025476
86	-0.551530
87	0.467686
88	0.575966
89	0.715651
90	0.281442
91	0.447079
92	6.856854
93	0.528538
94	-0.879190
95	-0.357192
96	-0.223351
97	-0.080460
98	-0.485514
99	-0.385903
100	1.560792
101	0.531400
102	0.274639
103	0.592928
104	0.132951
105	-0.124595
106	0.326582
107	0.692312
108	0.932898
109	0.046409
110	-0.124000
111	-0.122183
112	0.090778
113	0.260845
114	0.501219
115	0.249610
116	0.528843
117	0.562499
118	0.191988
119	0.596477
120	0.113052
121	-0.111366
122	-0.340963
123	-0.511135
124	0.449224
125	0.042831
126	-0.102542
127	-0.528105
128	0.331879
129	-0.072848
130	5.043047
131	3.714112
132	1.067447
133	-0.104897
134	-0.018194
135	-0.359097
136	-0.548420
137	0.630812
138	-0.130464
139	0.442833
140	0.163279
141	-0.589965
142	-0.118884
143	0.322036
144	0.350541
145	2.241806
146	1.523617
147	1.068637
148	0.014384
149	0.251346
150	-0.314580
151	0.222284
152	0.442744
153	-0.164682
154	0.618127
155	-0.082423
156	0.036805
157	0.003619
158	-0.068324
159	-0.386931
160	-0.248729
161	0.974177
162	-0.755411
163	-0.448382
164	0.184339
165	0.250884
166	0.007204
167	-0.904082
168	-0.230083
169	0.053133
170	-0.078774
171	-0.392399
172	-0.081109
173	0.523141
174	-0.517163
175	0.240535
176	0.306320
177	-0.483841
178	0.750517
179	-0.253884
180	2.718473
181	0.304106
182	0.031980
183	0.579911
184	-0.297924
185	-0.460092
186	0.076669
187	-1.370678
188	-0.760867
