1	-10
2	-10
3	-10
4	-10
5	-10
6	-10
7	-10
8	-10
9	-10
10	-10
11	-10
12	-10
13	0.186376
14	0.807988
15	0.021279
16	0
17	0
18	0
19	0
20	0
21	0
22	0.083134
23	0
24	0
25	0
26	0.0305
27	0.0439805
28	0.3026885
29	0
30	0.007136
31	0
32	0
33	0
34	0.008429
35	0.01886
36	0
37	0
38	0.1033683333
39	0.187995
40	0.50871725
41	0.18902025
42	0.212987
43	0.3109303333
44	0.319503
45	-10
46	0
47	0.1164243333
48	0.2023073333
49	0.0363295
50	0.1066135
51	0.3030866667
52	-10
53	0
54	0
55	0.147353
56	0.2591715
57	0.4469165
58	-10
59	0
60	0
61	0.0219815
62	-10
63	-10
64	0.59993
65	-10
66	0.4940095
67	0.1376613333
68	0.156496
69	0.35679225
70	0.4877726667
71	0.116777
72	0.1364385
73	0.0445125
74	0
75	0.131727
76	0.153883
77	0.2100715
78	1.19472325
79	3.80065225
80	1.91050275
81	1.1897616667
82	0.62042925
83	0.535487
84	0.457088
85	0
86	0.48024525
87	0
88	0.269098
89	0.33292875
90	0.4114035
91	0.93636975
92	4.17847225
93	0.91962175
94	0.0700616667
95	0.1580035
96	0.242171
97	0.0092
98	0.1243593333
99	0.1100935
100	0.2041506667
101	0.22107275
102	0.079508
103	0.111867
104	0.1717886667
105	0.28207075
106	0.1742766667
107	0.2239955
108	0.32059975
109	-10
110	0.93850575
111	0.1582113333
112	0.088136
113	0.1861133333
114	0
115	0
116	-10
117	0.0560816667
118	0.21337575
119	0.1690185
120	0.072204
121	0
122	0
123	0
124	0.132367
125	0.044964
126	0.207467
127	0.591592
128	0.5214913333
129	1.2963325
130	0.98947175
131	2.0952536667
132	0.5819445
133	0.1509225
134	0.0800203333
135	0.028531
136	0
137	0.0134805
138	0.06889
139	0
140	0.02852975
141	0
142	0.08907875
143	0.2987095
144	0.77833675
145	0.4093325
146	0.770907
147	0.497817
148	0.36496325
149	0
150	0
151	0.0264585
152	0.1386145
153	0
154	0.085409
155	0.0351565
156	0.089918
157	0.067323
158	0
159	0.2153153333
160	0.1610046667
161	0.1242745
162	0
163	0
164	0
165	-10
166	-10
167	-10
168	-10
169	-10
170	0.1894985
171	0.420245
172	0.1008475
173	0.290139
174	0.27492575
175	0.35348225
176	0.075978
177	0.125911
178	0.2421555
179	0.192133
180	0.132865
181	0.228459
182	0.19397
183	-10
184	0.098137
185	0.303668
186	-10
187	-10
188	-10
