1	-10
2	-10
3	-10
4	-10
5	-10
6	-10
7	-10
8	-10
9	-10
10	-10
11	-10
12	-10
13	0.524047
14	0.412013
15	0
16	0.084447
17	0
18	0
19	0
20	0
21	0
22	0.004018
23	0
24	0.121928
25	0.129975
26	0.115375
27	0.1986495
28	0.4065553333
29	0.216821
30	0.0299275
31	0.1192235
32	0.4384415
33	0.15507
34	0.2926065
35	0
36	0
37	0
38	0.1940795
39	0
40	0.6849055
41	0.6994853333
42	0.4996526667
43	0.372909
44	0.156001
45	-10
46	0
47	0.2049455
48	0.258077
49	0
50	0.1775995
51	0.035284
52	-10
53	0
54	0
55	0.253504
56	0.367751
57	0.5025906667
58	-10
59	0.134731
60	0
61	0
62	-10
63	-10
64	-10
65	-10
66	0.1382976667
67	0.1021335
68	0.2242825
69	0.318344
70	0.1638736667
71	0.043804
72	0.05494
73	0
74	0.058678
75	0
76	-10
77	-10
78	1.2162745
79	3.6266013333
80	1.0026813333
81	0.6652425
82	1.510618
83	0.506024
84	-10
85	0.0434515
86	0.5768055
87	0
88	0.3923913333
89	0.5870296667
90	0.4378783333
91	0.772356
92	2.745512
93	0.8358556667
94	0.0930513333
95	0.078975
96	0.125284
97	0.130306
98	0.074103
99	0
100	0.187366
101	0.398048
102	0.2230853333
103	0.115866
104	0.0718575
105	0.1745236667
106	0
107	0.13245
108	0.445936
109	0.765959
110	1.2715546667
111	0.228591
112	0.1551096667
113	0.1973666667
114	0
115	0.1574026667
116	-4.4726205
117	0.1711193333
118	0.1414833333
119	0.1544095
120	0
121	0
122	0
123	0.10096
124	0.1181815
125	0.081691
126	0.067162
127	0.5235615
128	1.1616783333
129	1.1624176667
130	1.4558263333
131	3.1566035
132	0.762811
133	0.0915836667
134	0
135	0
136	0
137	0.046595
138	0.039816
139	0.0882
140	0
141	0.063209
142	0.073338
143	0.4164296667
144	0.726869
145	0.0572906667
146	0.3361333333
147	0.3038033333
148	0
149	0.0910213333
150	0.111046
151	0.1544835
152	0.199982
153	0.066715
154	0.163883
155	0
156	0
157	0.029533
158	0
159	0.511904
160	0.1627226667
161	0
162	0
163	0
164	0
165	0
166	-10
167	-10
168	0
169	-10
170	0
171	0.2467005
172	0.269258
173	0.7041225
174	0.2910896667
175	0.4011695
176	0
177	0
178	0
179	0.0838405
180	0.044675
181	0.1055455
182	0.059088
183	-10
184	0.0801445
185	0.2593
186	-10
187	-10
188	-10
