1	-10
2	-10
3	-10
4	-10
5	-10
6	-10
7	-10
8	-10
9	-10
10	-10
11	-10
12	-10
13	0
14	0.000727
15	0.000882
16	0.00499
17	0.003323
18	0
19	0.000438
20	0.0015185
21	0
22	0.00437
23	0.006138
24	0.000053
25	0.0385255
26	0.009811
27	0.010533
28	0.0490035
29	0
30	0.001485
31	0
32	0
33	0.0112115
34	0
35	0
36	0
37	0
38	0
39	0
40	0
41	0
42	0.05534
43	0
44	0.0070056667
45	0
46	0
47	0.0137863333
48	0.022585
49	0.0177686667
50	0
51	0
52	0
53	0
54	0
55	0.022299
56	0.0505166667
57	0
58	-10
59	0
60	0.0435796667
61	0
62	0
63	-10
64	0.335049
65	-10
66	0
67	0.0285515
68	0
69	0
70	0
71	0.0069786667
72	0
73	0.0444396667
74	0.1865013333
75	0.015784
76	-10
77	-10
78	0.1460165
79	0
80	0
81	0.0932226667
82	0.410475
83	0.394738
84	0
85	0
86	0
87	0.0669495
88	0.3507646667
89	0.070543
90	0
91	-10
92	0.4152526667
93	1.558948
94	0.0776983333
95	0
96	0.0192483333
97	0.1208416667
98	0
99	0.157915
100	0.2328716667
101	0.071037
102	0
103	0
104	0.0412016667
105	0.0571016667
106	0
107	0.0806793333
108	0
109	-10
110	0
111	0.119709
112	0.007806
113	0.0418115
114	0.2777856667
115	0.0607806667
116	0
117	0
118	0
119	0.0657336667
120	0.0255306667
121	0.0179205
122	0
123	0
124	0.1904833333
125	0.028095
126	0.041447
127	0.1158545
128	0.5222296667
129	0.483241
130	3.6812
131	-10
132	0.7102836667
133	0.2485533333
134	0.075701
135	0.3680663333
136	0
137	0.1966063333
138	0.0043325
139	0.3399503333
140	0.5762656667
141	0.0502883333
142	0.032465
143	0.1605413333
144	1.8608856667
145	0.4391343333
146	0.096826
147	0
148	0.1092715
149	0
150	0.1666353333
151	1.422983
152	0.799792
153	0.2710716667
154	1.163971
155	0.7941
156	0.0697063333
157	0.0899895
158	0.000106
159	-10
160	0
161	0
162	0.06079
163	0.136374
164	0.146574
165	0.2131485
166	-10
167	-10
168	0.735771
169	-10
170	0.439869
171	0.834107
172	0.825651
173	2.6252003333
174	1.0255395
175	1.910546
176	0.0922886667
177	0.0326863333
178	0
179	0.1847153333
180	0.0741583333
181	0.1340415
182	0.3530136667
183	0
184	-10
185	0.03542
186	0.0784243333
187	1.8865793333
188	-10
