1	-10
2	-10
3	-10
4	-10
5	-10
6	-10
7	-10
8	-10
9	-10
10	-10
11	-10
12	-10
13	0.260126
14	0.567156
15	0
16	0
17	0
18	0
19	0
20	0.085498
21	0.099035
22	0.109596
23	0
24	0.191616
25	0.394908
26	0.501726
27	0.347168
28	0.3696105
29	0
30	0
31	0
32	0
33	0.1684365
34	0.1815985
35	0
36	0.204351
37	0.0889525
38	0.249314
39	0.028679
40	0.372373
41	0.6903625
42	0.5003355
43	0.1698205
44	0.2426915
45	0.481909
46	0
47	0.129146
48	0.136165
49	0.0841155
50	0.0247865
51	0
52	-10
53	0
54	0.0338405
55	0.76892
56	0.6589935
57	0
58	-10
59	0
60	0
61	0.022665
62	-10
63	-10
64	0.8428075
65	-10
66	0
67	0.2856775
68	0.078632
69	0.0802705
70	0
71	0
72	0
73	0
74	0.046944
75	0
76	-10
77	-10
78	0.026443
79	1.7410566667
80	1.34081
81	0.383844
82	0.8903943333
83	0.9301306667
84	-10
85	0
86	0.1913675
87	0
88	0.351842
89	0.3217816667
90	0.22683
91	1.1225315
92	4.4838293333
93	0.9560706667
94	0.1082163333
95	0
96	0
97	0
98	0.089373
99	0
100	0.3761875
101	0.2582805
102	0.0963755
103	0
104	0
105	0
106	0
107	0
108	0.118298
109	1.0101675
110	0.9916683333
111	0.1353626667
112	0.043208
113	0.075736
114	0.0126725
115	0.1548
116	1.0289865
117	0.14624
118	0.0874083333
119	0
120	0.0881595
121	0
122	0
123	0
124	0.0975705
125	0
126	0
127	0
128	0
129	0.592806
130	0.9661393333
131	2.465599
132	0.7367713333
133	0.2504075
134	0
135	0
136	0
137	0
138	0.089899
139	0
140	0.06906
141	0.0064185
142	0.0523215
143	0.1850343333
144	0.530136
145	0.0898776667
146	0.1353636667
147	0.0719356667
148	0.8389415
149	0.1552475
150	0.1147623333
151	0.167123
152	0.158885
153	0.0580745
154	0.0885866667
155	0
156	0
157	0
158	0
159	0
160	0
161	0.3403253333
162	0
163	0
164	0
165	0
166	-10
167	-10
168	0
169	-10
170	0
171	0
172	0
173	1.1415603333
174	0.514191
175	0
176	0
177	0.0728815
178	0.2318525
179	0
180	0
181	0
182	0
183	-10
184	0.042869
185	0.4119455
186	-10
187	-10
188	-10
