1	-10
2	-10
3	-10
4	-10
5	-10
6	-10
7	-10
8	-10
9	-10
10	-10
11	-10
12	-10
13	-10
14	-10
15	-10
16	-10
17	-10
18	-10
19	-10
20	0.010468
21	-10
22	-10
23	-10
24	-0.021368
25	-10
26	0.817766
27	0.311025
28	-10
29	0.656243
30	2.114964
31	0.17302
32	0.014287
33	-0.008585
34	-10
35	-10
36	-0.008074
37	-10
38	-10
39	0.119649
40	0.405683
41	0.127351
42	-10
43	-0.004586
44	-10
45	-10
46	-10
47	-10
48	-10
49	-10
50	0.209539
51	0.262276
52	-10
53	0.228313
54	0.033619
55	-10
56	-10
57	0.192107
58	-0.117972
59	-10
60	-10
61	-10
62	-10
63	-10
64	-10
65	-10
66	0.376711
67	0.168912
68	0.317306
69	0.292383
70	0.02392
71	-10
72	-10
73	-10
74	-10
75	-10
76	-10
77	-10
78	-10
79	1.024561
80	0.185099
81	-10
82	0.453697
83	-10
84	0.092296
85	0.038372
86	0.055734
87	-10
88	-10
89	0.544237
90	0.558587
91	0.538012
92	0.442825
93	-10
94	0.040279
95	0.04587
96	-10
97	-10
98	-0.036391
99	-0.030675
100	-10
101	0.338899
102	0.690716
103	0.05338
104	-10
105	-10
106	-0.011078
107	-10
108	0.172348
109	-10
110	1.299801
111	-10
112	0.123581
113	0.100073
114	-10
115	-10
116	-20
117	0.356516
118	0.151371
119	-10
120	-10
121	0.05369
122	0.029553
123	0.043085
124	-10
125	-10
126	0.177362
127	-10
128	-10
129	0.07171
130	-10
131	-10
132	0.394529
133	-10
134	-10
135	-10
136	-10
137	-10
138	-10
139	-10
140	-10
141	0.121155
142	0.60957
143	0.615251
144	-10
145	-10
146	1.606599
147	1.086866
148	-10
149	0.317511
150	-10
151	-10
152	0.051873
153	-10
154	-10
155	-10
156	-0.001916
157	-20
158	-10
159	-10
160	1.106332
161	0.089413
162	-10
163	-10
164	0.524202
165	0.396531
166	-10
167	-10
168	0.718517
169	-10
170	-10
171	-10
172	-10
173	-10
174	-10
175	0.238658
176	-10
177	-0.003312
178	0.266233
179	0.323802
180	0.441814
181	0.141891
182	-10
183	-10
184	0.540961
185	0.438657
186	-20
187	-10
188	-20
