1	0.091300
2	0.114100
3	0.063400
4	0.078600
5	0.542600
6	0.167300
7	0.324500
8	0.040600
9	0.093800
10	0.286500
11	0.142000
12	0.157200
13	0.659200
14	1.288900
15	0.235800
16	0.058300
17	0.281400
18	0.088700
19	0.081100
20	0.276400
21	0.114100
22	0.096300
23	0.261100
24	0.375200
25	0.106500
26	1.288900
27	1.288900
28	0.256100
29	1.288900
30	1.288900
31	0.149600
32	0.063400
33	0.296600
34	0.106500
35	0.134400
36	1.288900
37	0.101400
38	0.215500
39	0.517200
40	0.000000
41	1.288900
42	0.000000
43	0.428500
44	0.152100
45	0.164800
46	0.494400
47	0.068500
48	0.055800
49	0.233300
50	0.519800
51	0.608500
52	0.968500
53	0.494400
54	1.057300
55	0.200300
56	0.149600
57	0.448800
58	0.616100
59	0.073500
60	0.106500
61	0.240900
62	0.180000
63	0.365100
64	0.106500
65	0.228200
66	0.311900
67	0.644000
68	0.456400
69	1.097800
70	1.288900
71	0.258600
72	0.167300
73	0.162300
74	0.142000
75	0.167300
76	0.195200
77	0.144500
78	0.180000
79	1.288900
80	1.288900
81	0.167300
82	1.288900
83	0.167300
84	0.806300
85	0.245900
86	0.306800
87	0.200300
88	0.071000
89	0.213000
90	1.288900
91	1.288900
92	1.288900
93	0.276400
94	0.316900
95	0.263700
96	0.251000
97	0.322000
98	0.258600
99	0.324500
100	0.083700
101	0.403100
102	1.288900
103	1.166300
104	0.202800
105	0.387900
106	1.229700
107	0.152100
108	0.986300
109	0.829100
110	1.288900
111	0.169900
112	0.631300
113	0.611000
114	0.187600
115	0.393000
116	1.288900
117	0.912800
118	1.288900
119	0.164800
120	0.357500
121	0.190200
122	0.197800
123	0.182600
124	0.065900
125	0.245900
126	0.400600
127	0.281400
128	0.395500
129	1.288900
130	0.109000
131	0.098900
132	0.968500
133	0.395500
134	0.159700
135	0.152100
136	0.218000
137	0.093800
138	0.258600
139	0.088700
140	0.083700
141	0.218000
142	0.433600
143	0.950800
144	0.086200
145	0.304300
146	1.064900
147	1.110500
148	0.370200
149	0.725100
150	0.289000
151	0.136900
152	0.245900
153	0.367600
154	0.065900
155	0.174900
156	0.073500
157	0.078600
158	0.453800
159	0.496900
160	0.715000
161	0.978700
162	0.360000
163	0.245900
164	0.469100
165	0.760600
166	0.230700
167	1.288900
168	1.130800
169	0.256100
170	0.205400
171	0.261100
172	0.266200
173	0.197800
174	0.121700
175	1.288900
176	0.223100
177	0.256100
178	0.104000
179	0.157200
180	0.144500
181	0.413300
182	0.180000
183	0.839200
184	0.902600
185	0.243400
186	0.580600
187	0.215500
188	0.649100
