1	0.094600
2	0.092300
3	0.039200
4	0.066900
5	0.193800
6	0.147600
7	0.242200
8	0.043800
9	0.078400
10	0.279100
11	0.131500
12	0.166100
13	0.657400
14	1.286600
15	0.173000
16	0.073800
17	0.216800
18	0.087700
19	0.062300
20	0.182200
21	0.039200
22	0.110700
23	0.313700
24	0.392200
25	0.099200
26	1.286600
27	1.181100
28	0.269900
29	1.286600
30	1.286600
31	0.057700
32	0.055400
33	0.182200
34	0.030000
35	0.110700
36	0.295300
37	0.069200
38	0.320600
39	0.463700
40	0.657400
41	1.068100
42	0.103800
43	0.537500
44	0.152200
45	0.203000
46	0.613600
47	0.096900
48	0.048400
49	0.445200
50	0.565200
51	0.385200
52	0.858100
53	0.770500
54	0.618200
55	1.047300
56	0.000000
57	1.286600
58	0.000000
59	0.166100
60	0.092300
61	0.350600
62	0.193800
63	0.380600
64	0.108400
65	0.412900
66	0.274500
67	0.678200
68	0.461400
69	0.950400
70	1.286600
71	0.219100
72	0.186900
73	0.145300
74	0.161500
75	0.186900
76	0.161500
77	0.173000
78	0.140700
79	1.286600
80	1.286600
81	0.170700
82	1.248000
83	0.191500
84	0.839700
85	0.209900
86	0.260700
87	0.173000
88	0.069200
89	0.203000
90	1.286600
91	1.286600
92	1.190300
93	0.288400
94	0.334500
95	0.274500
96	0.256100
97	0.279100
98	0.235300
99	0.327600
100	0.090000
101	0.327600
102	1.286600
103	1.116500
104	0.244500
105	0.341400
106	1.077300
107	0.156900
108	0.742800
109	0.613600
110	1.286600
111	0.173000
112	0.592800
113	0.634400
114	0.143000
115	0.320600
116	1.286600
117	0.777400
118	1.167200
119	0.186900
120	0.288400
121	0.186900
122	0.263000
123	0.237600
124	0.066900
125	0.281400
126	0.491300
127	0.408300
128	0.394500
129	1.286600
130	0.106100
131	0.083000
132	0.978100
133	0.348300
134	0.186900
135	0.147600
136	0.209900
137	0.066900
138	0.205300
139	0.087700
140	0.080700
141	0.203000
142	0.415200
143	0.816600
144	0.090000
145	0.327600
146	1.051900
147	0.918100
148	0.385200
149	0.742800
150	0.265300
151	0.131500
152	0.283700
153	0.293000
154	0.069200
155	0.191500
156	0.076100
157	0.069200
158	0.364500
159	0.452100
160	0.595200
161	0.865100
162	0.306800
163	0.216800
164	0.429100
165	0.657400
166	0.189200
167	1.286600
168	0.848900
169	0.267600
170	0.186900
171	0.200700
172	0.203000
173	0.138400
174	0.126900
175	1.286600
176	0.173000
177	0.256100
178	0.085400
179	0.154600
180	0.101500
181	0.359900
182	0.205300
183	0.772800
184	0.768200
185	0.244500
186	0.560600
187	0.147600
188	0.599800
