1	0.096200
2	0.057200
3	0.044200
4	0.067600
5	0.275700
6	0.143100
7	0.291300
8	0.046800
9	0.059800
10	0.312100
11	0.143100
12	0.205500
13	0.808900
14	1.333700
15	0.208100
16	0.093600
17	0.195100
18	0.049400
19	0.072800
20	0.210700
21	0.039000
22	0.124800
23	0.379700
24	0.340700
25	0.083200
26	1.333700
27	1.134000
28	0.299100
29	1.333700
30	1.333700
31	0.065000
32	0.057200
33	0.208100
34	0.044200
35	0.072800
36	0.306900
37	0.085800
38	0.273100
39	0.457800
40	0.671100
41	0.918100
42	0.085800
43	0.626800
44	0.182100
45	0.158700
46	0.595600
47	0.080600
48	0.057200
49	0.291300
50	0.345900
51	0.416200
52	0.821900
53	0.397900
54	0.907700
55	0.213300
56	0.174300
57	0.340700
58	0.567000
59	0.096200
60	0.171700
61	0.364100
62	0.221100
63	0.730900
64	0.416200
65	0.000000
66	1.333700
67	0.000000
68	1.333700
69	1.333700
70	1.333700
71	0.377100
72	0.278300
73	0.195100
74	0.166500
75	0.205500
76	0.239300
77	0.205500
78	0.236700
79	1.333700
80	1.333700
81	0.184700
82	1.333700
83	0.202900
84	0.991000
85	0.314700
86	0.450000
87	0.275700
88	0.104000
89	0.325100
90	1.333700
91	1.333700
92	1.258900
93	0.348500
94	0.304300
95	0.301700
96	0.278300
97	0.306900
98	0.293900
99	0.340700
100	0.088400
101	0.465600
102	1.333700
103	1.178200
104	0.241900
105	0.397900
106	1.186000
107	0.166500
108	0.925900
109	0.751700
110	1.333700
111	0.179500
112	0.660600
113	0.655400
114	0.192500
115	0.392700
116	1.333700
117	0.965000
118	1.333700
119	0.171700
120	0.390100
121	0.161300
122	0.236700
123	0.254900
124	0.083200
125	0.273100
126	0.384900
127	0.273100
128	0.442200
129	1.333700
130	0.132600
131	0.117000
132	1.063800
133	0.429200
134	0.166500
135	0.124800
136	0.210700
137	0.085800
138	0.249700
139	0.080600
140	0.083200
141	0.213300
142	0.478600
143	0.884300
144	0.101400
145	0.319900
146	1.118400
147	0.975400
148	0.434400
149	0.777700
150	0.309500
151	0.156100
152	0.236700
153	0.437000
154	0.067600
155	0.187300
156	0.080600
157	0.096200
158	0.353700
159	0.424000
160	0.652800
161	0.790700
162	0.361500
163	0.218500
164	0.400600
165	0.741300
166	0.179500
167	1.333700
168	1.071600
169	0.267900
170	0.202900
171	0.249700
172	0.304300
173	0.174300
174	0.127400
175	1.333700
176	0.236700
177	0.270500
178	0.106600
179	0.114400
180	0.143100
181	0.418800
182	0.197700
183	0.699700
184	0.775100
185	0.226300
186	0.512400
187	0.205500
188	0.587800
