1	0.082700
2	0.106700
3	0.043500
4	0.045700
5	0.193800
6	0.124100
7	0.265600
8	0.041400
9	0.065300
10	0.235100
11	0.141500
12	0.176300
13	0.718400
14	1.284500
15	0.200300
16	0.041400
17	0.217700
18	0.080600
19	0.065300
20	0.215500
21	0.037000
22	0.111000
23	0.302600
24	0.470200
25	0.104500
26	1.284500
27	1.184300
28	0.250400
29	1.284500
30	1.284500
31	0.089300
32	0.041400
33	0.232900
34	0.032700
35	0.108900
36	0.307000
37	0.043500
38	0.298300
39	0.485500
40	0.600900
41	1.064600
42	0.069700
43	0.668400
44	0.165500
45	0.182900
46	0.659700
47	0.076200
48	0.071800
49	0.235100
50	0.407100
51	0.561700
52	0.681400
53	0.422400
54	0.759800
55	0.174200
56	0.130600
57	0.452800
58	0.594300
59	0.069700
60	0.137200
61	0.252500
62	0.322200
63	0.298300
64	0.163300
65	0.598700
66	1.119000
67	0.000000
68	1.284500
69	0.000000
70	1.099400
71	0.385300
72	0.444100
73	0.193800
74	0.274300
75	0.278700
76	0.296100
77	0.213400
78	0.413600
79	1.284500
80	1.284500
81	0.200300
82	1.284500
83	0.211200
84	1.116800
85	0.352700
86	0.437600
87	0.230800
88	0.093600
89	0.354900
90	1.284500
91	1.284500
92	1.240900
93	0.272100
94	0.330900
95	0.309100
96	0.296100
97	0.276500
98	0.315700
99	0.376600
100	0.089300
101	0.553000
102	1.284500
103	1.143000
104	0.241700
105	0.354900
106	1.092900
107	0.124100
108	1.001500
109	0.711900
110	1.284500
111	0.137200
112	0.727100
113	0.559500
114	0.128400
115	0.448500
116	1.284500
117	0.957900
118	1.284500
119	0.161100
120	0.352700
121	0.230800
122	0.228600
123	0.259100
124	0.071800
125	0.215500
126	0.339600
127	0.226400
128	0.402800
129	1.284500
130	0.113200
131	0.095800
132	0.914400
133	0.298300
134	0.111000
135	0.089300
136	0.211200
137	0.078400
138	0.285200
139	0.082700
140	0.080600
141	0.185100
142	0.391900
143	0.859900
144	0.084900
145	0.302600
146	0.912200
147	1.010200
148	0.418000
149	0.759800
150	0.252500
151	0.126300
152	0.259100
153	0.328700
154	0.069700
155	0.193800
156	0.098000
157	0.091400
158	0.402800
159	0.494200
160	0.650900
161	0.862100
162	0.315700
163	0.187200
164	0.489800
165	0.679200
166	0.211200
167	1.284500
168	0.901300
169	0.213400
170	0.167600
171	0.211200
172	0.217700
173	0.167600
174	0.102300
175	1.284500
176	0.165500
177	0.250400
178	0.126300
179	0.126300
180	0.132800
181	0.365700
182	0.121900
183	0.629200
184	0.635700
185	0.219900
186	0.439800
187	0.158900
188	0.546400
