1	0.072500
2	0.099400
3	0.041400
4	0.060100
5	0.178200
6	0.140900
7	0.198900
8	0.058000
9	0.058000
10	0.244400
11	0.103600
12	0.153300
13	0.685700
14	1.272000
15	0.178200
16	0.058000
17	0.167800
18	0.068400
19	0.053900
20	0.167800
21	0.041400
22	0.099400
23	0.232000
24	0.364600
25	0.072500
26	1.288300
27	1.000600
28	0.232000
29	1.288300
30	1.288300
31	0.099400
32	0.053900
33	0.269300
34	0.022800
35	0.095300
36	0.223700
37	0.041400
38	0.250700
39	0.341800
40	0.594500
41	0.936400
42	0.072500
43	0.430900
44	0.132600
45	0.176100
46	0.435000
47	0.095300
48	0.049700
49	0.205100
50	0.385300
51	0.486800
52	0.685700
53	0.453700
54	0.689800
55	0.178200
56	0.105700
57	0.372900
58	0.571800
59	0.064200
60	0.099400
61	0.227900
62	0.171900
63	0.312800
64	0.113900
65	0.213400
66	0.482700
67	0.669100
68	0.669100
69	0.876300
70	1.288300
71	0.277600
72	0.153300
73	0.136700
74	0.159500
75	0.159500
76	0.118100
77	0.209200
78	0.236200
79	1.141400
80	1.288300
81	0.304500
82	1.158000
83	0.254800
84	0.830700
85	0.623500
86	0.335600
87	0.176100
88	0.000000
89	1.288300
90	0.000000
91	1.288300
92	1.288300
93	0.381200
94	0.841100
95	0.555200
96	0.526200
97	0.358400
98	0.290000
99	0.513800
100	0.122200
101	0.787200
102	1.288300
103	1.141400
104	0.258900
105	0.381200
106	1.168400
107	0.145000
108	0.899100
109	0.731300
110	1.288300
111	0.149200
112	0.613200
113	0.768600
114	0.105700
115	0.457800
116	1.288300
117	0.822400
118	1.184900
119	0.190600
120	0.304500
121	0.186400
122	0.285900
123	0.285900
124	0.105700
125	0.250700
126	0.381200
127	0.269300
128	0.364600
129	1.288300
130	0.087000
131	0.068400
132	0.928100
133	0.441200
134	0.149200
135	0.058000
136	0.250700
137	0.049700
138	0.285900
139	0.095300
140	0.064200
141	0.232000
142	0.480600
143	0.905300
144	0.113900
145	0.263100
146	0.909400
147	0.926000
148	0.509600
149	0.814100
150	0.232000
151	0.091100
152	0.372900
153	0.290000
154	0.091100
155	0.200900
156	0.072500
157	0.091100
158	0.304500
159	0.551000
160	0.613200
161	0.899100
162	0.294200
163	0.246500
164	0.491000
165	0.667100
166	0.223700
167	1.288300
168	0.981900
169	0.232000
170	0.244400
171	0.223700
172	0.178200
173	0.182300
174	0.118100
175	1.288300
176	0.209200
177	0.198900
178	0.109800
179	0.163700
180	0.132600
181	0.300400
182	0.155400
183	0.551000
184	0.646300
185	0.269300
186	0.522000
187	0.178200
188	0.551000
