1	0.137900
2	0.149400
3	0.072800
4	0.084300
5	0.383100
6	0.203000
7	0.390700
8	0.068900
9	0.088100
10	0.440500
11	0.199200
12	0.222200
13	1.219600
14	1.219600
15	0.275800
16	0.091900
17	0.256600
18	0.107300
19	0.088100
20	0.260500
21	0.076600
22	0.149400
23	0.513300
24	0.363900
25	0.160900
26	1.219600
27	1.219600
28	0.475000
29	1.219600
30	1.219600
31	0.088100
32	0.049800
33	0.256600
34	0.076600
35	0.130200
36	0.363900
37	0.103400
38	0.448200
39	0.597600
40	0.812100
41	0.953800
42	0.111100
43	0.662700
44	0.210700
45	0.195400
46	0.693300
47	0.080400
48	0.068900
49	0.363900
50	0.425200
51	0.463500
52	0.942300
53	0.436700
54	0.896300
55	0.172400
56	0.160900
57	0.348600
58	0.432900
59	0.088100
60	0.122600
61	0.310300
62	0.237500
63	0.551600
64	0.141700
65	0.455800
66	0.356200
67	0.536300
68	0.348600
69	1.160700
70	1.018900
71	0.337100
72	0.222200
73	0.218300
74	0.183900
75	0.249000
76	0.260500
77	0.214500
78	0.226000
79	1.219600
80	1.219600
81	0.249000
82	1.219600
83	0.272000
84	0.831200
85	0.264300
86	0.375400
87	0.314100
88	0.111100
89	0.164700
90	1.064900
91	1.219600
92	1.183600
93	0.486500
94	0.287300
95	0.226000
96	0.337100
97	0.547800
98	0.264300
99	0.272000
100	0.122600
101	0.383100
102	1.219600
103	0.923200
104	0.264300
105	0.812100
106	0.655000
107	0.371600
108	1.219600
109	0.000000
110	1.219600
111	0.000000
112	0.609100
113	0.409900
114	0.141700
115	0.402200
116	1.219600
117	0.957600
118	1.219600
119	0.226000
120	0.475000
121	0.210700
122	0.226000
123	0.229800
124	0.122600
125	0.321800
126	0.298800
127	0.195400
128	0.586100
129	1.219600
130	0.157100
131	0.164700
132	1.219600
133	0.566900
134	0.187700
135	0.160900
136	0.241300
137	0.141700
138	0.298800
139	0.122600
140	0.107300
141	0.310300
142	0.448200
143	0.904000
144	0.137900
145	0.486500
146	1.219600
147	1.214300
148	0.386900
149	0.950000
150	0.383100
151	0.195400
152	0.237500
153	0.471200
154	0.099600
155	0.329400
156	0.095800
157	0.107300
158	0.532400
159	0.486500
160	0.704800
161	1.015100
162	0.501800
163	0.321800
164	0.532400
165	0.815900
166	0.287300
167	1.219600
168	1.126200
169	0.371600
170	0.241300
171	0.306400
172	0.356200
173	0.249000
174	0.176200
175	1.219600
176	0.337100
177	0.463500
178	0.157100
179	0.180000
180	0.187700
181	0.521000
182	0.279600
183	0.888700
184	0.969100
185	0.275800
186	0.632000
187	0.287300
188	0.766100
