1	0.111600
2	0.100800
3	0.068100
4	0.065400
5	0.280500
6	0.168800
7	0.280500
8	0.059900
9	0.073500
10	0.315900
11	0.155200
12	0.171600
13	0.822400
14	1.166100
15	0.182400
16	0.073500
17	0.185200
18	0.076200
19	0.070800
20	0.190600
21	0.057200
22	0.128000
23	0.359400
24	0.318600
25	0.103500
26	1.166100
27	1.111000
28	0.307700
29	1.166100
30	1.166100
31	0.100800
32	0.035400
33	0.204200
34	0.054500
35	0.108900
36	0.264100
37	0.076200
38	0.310400
39	0.492900
40	0.626300
41	0.939500
42	0.079000
43	0.566400
44	0.155200
45	0.168800
46	0.531000
47	0.065400
48	0.057200
49	0.321300
50	0.435700
51	0.462900
52	0.751600
53	0.419300
54	0.789700
55	0.166100
56	0.136200
57	0.370300
58	0.446600
59	0.073500
60	0.103500
61	0.245100
62	0.201500
63	0.359400
64	0.155200
65	0.305000
66	0.334900
67	0.550100
68	0.465600
69	0.944900
70	1.124600
71	0.307700
72	0.177000
73	0.177000
74	0.160700
75	0.204200
76	0.196100
77	0.177000
78	0.166100
79	1.166100
80	1.166100
81	0.204200
82	1.166100
83	0.204200
84	0.713400
85	0.245100
86	0.313200
87	0.275000
88	0.100800
89	0.207000
90	1.166100
91	1.166100
92	1.166100
93	0.299500
94	0.386700
95	0.239600
96	0.283200
97	0.334900
98	0.294100
99	0.408500
100	0.114400
101	0.547300
102	1.166100
103	1.165500
104	0.226000
105	0.855000
106	0.607200
107	0.313200
108	1.091900
109	0.688900
110	1.166100
111	0.000000
112	1.166100
113	0.000000
114	0.201500
115	0.571800
116	1.166100
117	1.078300
118	1.166100
119	0.168800
120	0.354000
121	0.228700
122	0.283200
123	0.329500
124	0.084400
125	0.269600
126	0.400300
127	0.299500
128	0.449300
129	1.166100
130	0.114400
131	0.114400
132	1.135500
133	0.449300
134	0.196100
135	0.128000
136	0.326800
137	0.103500
138	0.394800
139	0.095300
140	0.108900
141	0.247800
142	0.454700
143	0.827800
144	0.114400
145	0.334900
146	1.086500
147	1.089200
148	0.710700
149	1.166100
150	0.392100
151	0.196100
152	0.449300
153	0.389400
154	0.092600
155	0.220600
156	0.092600
157	0.125300
158	0.471100
159	0.514700
160	0.724300
161	0.944900
162	0.403000
163	0.234200
164	0.492900
165	0.806000
166	0.296800
167	1.166100
168	1.116500
169	0.283200
170	0.207000
171	0.299500
172	0.285900
173	0.215100
174	0.149800
175	1.166100
176	0.234200
177	0.305000
178	0.108900
179	0.185200
180	0.182400
181	0.430200
182	0.220600
183	0.759700
184	0.860500
185	0.258700
186	0.552800
187	0.207000
188	0.631700
