1	0.103700
2	0.103700
3	0.053200
4	0.070100
5	0.243800
6	0.142900
7	0.311100
8	0.036400
9	0.078500
10	0.297100
11	0.165300
12	0.176500
13	0.919200
14	1.220800
15	0.207400
16	0.070100
17	0.193400
18	0.067300
19	0.061700
20	0.210200
21	0.042000
22	0.114900
23	0.347500
24	0.288600
25	0.114900
26	1.220800
27	1.143400
28	0.336300
29	1.220800
30	1.220800
31	0.072900
32	0.050400
33	0.193400
34	0.047600
35	0.092500
36	0.271800
37	0.061700
38	0.316700
39	0.465200
40	0.641700
41	0.843500
42	0.086900
43	0.560500
44	0.154100
45	0.151300
46	0.521200
47	0.064500
48	0.053200
49	0.266200
50	0.386700
51	0.392300
52	0.798700
53	0.372700
54	0.879900
55	0.148500
56	0.148500
57	0.355900
58	0.445600
59	0.084100
60	0.089700
61	0.229800
62	0.170900
63	0.411900
64	0.106500
65	0.311100
66	0.313900
67	0.496000
68	0.341900
69	0.969600
70	1.067700
71	0.243800
72	0.154100
73	0.162500
74	0.142900
75	0.190600
76	0.196200
77	0.137300
78	0.162500
79	1.220800
80	1.220800
81	0.182200
82	1.171400
83	0.196200
84	0.776300
85	0.210200
86	0.283000
87	0.221400
88	0.081300
89	0.185000
90	1.207800
91	1.220800
92	1.090100
93	0.322300
94	0.280200
95	0.238200
96	0.257800
97	0.330700
98	0.229800
99	0.283000
100	0.078500
101	0.361500
102	1.220800
103	0.950000
104	0.243800
105	0.383900
106	0.983600
107	0.170900
108	0.885500
109	0.770600
110	1.220800
111	0.190600
112	0.661400
113	0.535300
114	0.173700
115	0.451200
116	1.220800
117	0.994800
118	1.220800
119	0.274600
120	0.383900
121	0.235400
122	0.325100
123	0.285800
124	0.095300
125	0.311100
126	0.969600
127	0.137300
128	1.220800
129	1.220800
130	0.879900
131	0.000000
132	1.220800
133	0.000000
134	0.126100
135	0.215800
136	0.221400
137	0.095300
138	0.241000
139	0.086900
140	0.084100
141	0.241000
142	0.431600
143	0.922000
144	0.126100
145	0.367100
146	1.220800
147	1.149000
148	0.437200
149	0.919200
150	0.308300
151	0.148500
152	0.311100
153	0.440000
154	0.078500
155	0.249400
156	0.081300
157	0.084100
158	0.409100
159	0.442800
160	0.717400
161	0.908000
162	0.395100
163	0.243800
164	0.496000
165	0.728600
166	0.252200
167	1.220800
168	0.989200
169	0.302700
170	0.196200
171	0.266200
172	0.297100
173	0.207400
174	0.120500
175	1.220800
176	0.243800
177	0.291400
178	0.126100
179	0.156900
180	0.168100
181	0.420400
182	0.221400
183	0.765000
184	0.865900
185	0.274600
186	0.557700
187	0.210200
188	0.658600
