1	0.177100
2	0.216500
3	0.088600
4	0.108200
5	0.487100
6	0.265700
7	0.467400
8	0.088600
9	0.137800
10	0.551100
11	0.265700
12	0.290300
13	1.295900
14	1.295900
15	0.369000
16	0.118100
17	0.319800
18	0.132900
19	0.098400
20	0.349300
21	0.108200
22	0.206700
23	0.610100
24	0.506800
25	0.206700
26	1.295900
27	1.295900
28	0.580600
29	1.295900
30	1.295900
31	0.108200
32	0.068900
33	0.329700
34	0.078700
35	0.147600
36	0.452700
37	0.132900
38	0.556000
39	0.738100
40	1.033300
41	1.249800
42	0.147600
43	0.880800
44	0.255900
45	0.265700
46	0.920100
47	0.118100
48	0.118100
49	0.467400
50	0.536300
51	0.644600
52	1.295900
53	0.639700
54	1.220300
55	0.211600
56	0.216500
57	0.516600
58	0.595400
59	0.118100
60	0.147600
61	0.447800
62	0.319800
63	0.659300
64	0.167300
65	0.442800
66	0.447800
67	0.674100
68	0.457600
69	1.295900
70	1.295900
71	0.403500
72	0.246000
73	0.260800
74	0.226300
75	0.324700
76	0.314900
77	0.255900
78	0.290300
79	1.295900
80	1.295900
81	0.255900
82	1.295900
83	0.329700
84	1.141500
85	0.310000
86	0.423200
87	0.329700
88	0.127900
89	0.241100
90	1.295900
91	1.295900
92	1.295900
93	0.585500
94	0.324700
95	0.260800
96	0.354300
97	0.546200
98	0.310000
99	0.314900
100	0.127900
101	0.516600
102	1.295900
103	1.295900
104	0.329700
105	0.644600
106	1.185800
107	0.344400
108	1.161200
109	0.954600
110	1.295900
111	0.246000
112	0.856200
113	0.600300
114	0.314900
115	0.610100
116	1.295900
117	0.989000
118	1.295900
119	0.275500
120	0.531400
121	0.280500
122	0.300100
123	0.290300
124	0.152500
125	0.433000
126	0.374000
127	0.265700
128	0.703600
129	1.295900
130	0.201700
131	0.216500
132	1.295900
133	0.767600
134	0.275500
135	0.241100
136	0.319800
137	0.172200
138	0.398600
139	0.167300
140	0.162400
141	0.511700
142	0.428100
143	0.659300
144	0.265700
145	0.000000
146	1.295900
147	0.000000
148	0.196800
149	0.383800
150	0.182100
151	0.162400
152	0.216500
153	0.531400
154	0.113200
155	0.364100
156	0.123000
157	0.123000
158	0.506800
159	0.585500
160	0.610100
161	0.846300
162	0.487100
163	0.359200
164	0.570800
165	0.772500
166	0.344400
167	1.295900
168	1.295900
169	0.437900
170	0.255900
171	0.349300
172	0.457600
173	0.319800
174	0.226300
175	1.295900
176	0.447800
177	0.565800
178	0.206700
179	0.231300
180	0.246000
181	0.649500
182	0.310000
183	0.993900
184	1.102200
185	0.300100
186	0.752800
187	0.364100
188	0.925000
