1	0.094400
2	0.138600
3	0.053100
4	0.067800
5	0.300800
6	0.150400
7	0.306700
8	0.041300
9	0.067800
10	0.333200
11	0.144500
12	0.200500
13	0.911200
14	1.233000
15	0.221200
16	0.067800
17	0.215300
18	0.079600
19	0.064900
20	0.200500
21	0.061900
22	0.150400
23	0.383300
24	0.342100
25	0.115000
26	1.233000
27	1.170700
28	0.339100
29	1.233000
30	1.233000
31	0.064900
32	0.053100
33	0.200500
34	0.056000
35	0.085500
36	0.283100
37	0.059000
38	0.327300
39	0.530800
40	0.681200
41	0.887600
42	0.082600
43	0.583900
44	0.191700
45	0.171000
46	0.551400
47	0.082600
48	0.076700
49	0.280100
50	0.386300
51	0.406900
52	0.799100
53	0.383300
54	0.834500
55	0.185800
56	0.135600
57	0.380400
58	0.495400
59	0.085500
60	0.100300
61	0.291900
62	0.197600
63	0.418700
64	0.100300
65	0.339100
66	0.321400
67	0.595700
68	0.398100
69	1.014400
70	1.233000
71	0.300800
72	0.176900
73	0.203500
74	0.153300
75	0.200500
76	0.206400
77	0.165100
78	0.176900
79	1.233000
80	1.233000
81	0.209400
82	1.233000
83	0.235900
84	0.928900
85	0.253600
86	0.312600
87	0.253600
88	0.097300
89	0.227100
90	1.233000
91	1.233000
92	1.233000
93	0.318500
94	0.297800
95	0.277200
96	0.286000
97	0.383300
98	0.294900
99	0.356800
100	0.120900
101	0.454100
102	1.233000
103	1.233000
104	0.218200
105	0.457100
106	0.984900
107	0.147400
108	0.964300
109	0.834500
110	1.233000
111	0.286000
112	1.052700
113	1.079300
114	0.350900
115	0.560300
116	1.233000
117	1.082200
118	1.233000
119	0.191700
120	0.430500
121	0.247700
122	0.294900
123	0.306700
124	0.120900
125	0.345000
126	0.368600
127	0.268300
128	0.474800
129	1.233000
130	0.171000
131	0.132700
132	1.233000
133	0.530800
134	0.259500
135	0.200500
136	0.424600
137	0.156300
138	0.471800
139	0.138600
140	0.123900
141	0.356800
142	0.424600
143	0.734300
144	0.203500
145	0.902300
146	0.398100
147	1.055700
148	0.000000
149	1.233000
150	0.000000
151	0.138600
152	0.433500
153	0.327300
154	0.070800
155	0.206400
156	0.106200
157	0.150400
158	0.521900
159	0.610400
160	0.781400
161	1.064500
162	0.421700
163	0.256500
164	0.516000
165	0.858100
166	0.306700
167	1.233000
168	1.226700
169	0.289000
170	0.235900
171	0.300800
172	0.327300
173	0.235900
174	0.132700
175	1.233000
176	0.256500
177	0.339100
178	0.132700
179	0.179900
180	0.200500
181	0.495400
182	0.224100
183	0.861100
184	0.955400
185	0.274200
186	0.645800
187	0.200500
188	0.725400
