1	0.087500
2	0.110000
3	0.045000
4	0.065000
5	0.237500
6	0.162500
7	0.312500
8	0.060000
9	0.092500
10	0.290000
11	0.130000
12	0.162500
13	0.812500
14	1.207500
15	0.235000
16	0.072500
17	0.185000
18	0.067500
19	0.070000
20	0.192500
21	0.037500
22	0.100000
23	0.302500
24	0.317500
25	0.095000
26	1.207500
27	1.015000
28	0.267500
29	1.207500
30	1.207500
31	0.070000
32	0.040000
33	0.200000
34	0.045000
35	0.095000
36	0.277500
37	0.067500
38	0.312500
39	0.487500
40	0.592500
41	0.925000
42	0.095000
43	0.570000
44	0.172500
45	0.157500
46	0.475000
47	0.080000
48	0.045000
49	0.255000
50	0.322500
51	0.382500
52	0.765000
53	0.362500
54	0.827500
55	0.167500
56	0.122500
57	0.355000
58	0.387500
59	0.070000
60	0.097500
61	0.212500
62	0.130000
63	0.377500
64	0.107500
65	0.275000
66	0.267500
67	0.525000
68	0.395000
69	0.927500
70	1.182500
71	0.262500
72	0.125000
73	0.117500
74	0.137500
75	0.167500
76	0.160000
77	0.192500
78	0.162500
79	1.207500
80	1.207500
81	0.180000
82	1.207500
83	0.187500
84	0.720000
85	0.260000
86	0.332500
87	0.207500
88	0.067500
89	0.235000
90	1.207500
91	1.207500
92	1.192500
93	0.317500
94	0.287500
95	0.247500
96	0.282500
97	0.322500
98	0.257500
99	0.357500
100	0.120000
101	0.432500
102	1.207500
103	1.207500
104	0.207500
105	0.345000
106	1.080000
107	0.157500
108	1.005000
109	0.777500
110	1.207500
111	0.197500
112	0.642500
113	0.687500
114	0.185000
115	0.450000
116	1.207500
117	0.912500
118	1.207500
119	0.157500
120	0.367500
121	0.217500
122	0.252500
123	0.295000
124	0.085000
125	0.290000
126	0.422500
127	0.335000
128	0.365000
129	1.207500
130	0.132500
131	0.112500
132	0.947500
133	0.425000
134	0.202500
135	0.117500
136	0.255000
137	0.080000
138	0.300000
139	0.097500
140	0.075000
141	0.227500
142	0.547500
143	1.172500
144	0.112500
145	0.305000
146	0.930000
147	1.207500
148	0.572500
149	0.932500
150	0.335000
151	0.187500
152	0.465000
153	0.377500
154	0.065000
155	0.145000
156	0.290000
157	0.100000
158	0.000000
159	1.207500
160	0.000000
161	1.207500
162	0.245000
163	0.162500
164	0.515000
165	0.800000
166	0.267500
167	1.207500
168	1.207500
169	0.262500
170	0.232500
171	0.307500
172	0.272500
173	0.230000
174	0.147500
175	1.207500
176	0.202500
177	0.312500
178	0.162500
179	0.180000
180	0.217500
181	0.602500
182	0.245000
183	1.145000
184	1.190000
185	0.372500
186	0.802500
187	0.195000
188	0.777500
