1	0.115800
2	0.121400
3	0.067800
4	0.090400
5	0.285200
6	0.158100
7	0.271100
8	0.062100
9	0.087500
10	0.316200
11	0.183500
12	0.194800
13	0.923300
14	1.257100
15	0.228700
16	0.079100
17	0.217400
18	0.076200
19	0.084700
20	0.217400
21	0.033900
22	0.129900
23	0.375500
24	0.279500
25	0.138300
26	1.257100
27	1.214100
28	0.330300
29	1.257100
30	1.257100
31	0.098800
32	0.033900
33	0.214600
34	0.056500
35	0.098800
36	0.299300
37	0.087500
38	0.296500
39	0.544900
40	0.576000
41	0.945900
42	0.084700
43	0.525200
44	0.144000
45	0.152500
46	0.499800
47	0.062100
48	0.062100
49	0.288000
50	0.384000
51	0.460200
52	1.030600
53	0.454600
54	1.053100
55	0.189200
56	0.138300
57	0.361400
58	0.576000
59	0.064900
60	0.096000
61	0.231500
62	0.183500
63	0.417900
64	0.124200
65	0.313400
66	0.273900
67	0.581600
68	0.420700
69	1.022100
70	1.013600
71	0.234300
72	0.175100
73	0.172200
74	0.144000
75	0.152500
76	0.172200
77	0.166600
78	0.180700
79	1.257100
80	1.257100
81	0.189200
82	1.257100
83	0.183500
84	0.736900
85	0.242800
86	0.293600
87	0.225900
88	0.073400
89	0.225900
90	1.257100
91	1.257100
92	1.257100
93	0.327500
94	0.265400
95	0.262600
96	0.242800
97	0.302100
98	0.217400
99	0.285200
100	0.087500
101	0.454600
102	1.257100
103	1.242300
104	0.262600
105	0.398100
106	1.257100
107	0.183500
108	0.900700
109	0.700200
110	1.257100
111	0.208900
112	0.663500
113	0.705900
114	0.228700
115	0.448900
116	1.257100
117	0.864000
118	1.257100
119	0.180700
120	0.398100
121	0.225900
122	0.245600
123	0.268200
124	0.079100
125	0.299300
126	0.590100
127	0.536500
128	0.465900
129	1.257100
130	0.129900
131	0.129900
132	1.146300
133	0.443300
134	0.144000
135	0.135500
136	0.254100
137	0.118600
138	0.242800
139	0.112900
140	0.101600
141	0.307800
142	0.640900
143	1.257100
144	0.152500
145	0.398100
146	0.976900
147	1.257100
148	0.420700
149	0.849900
150	0.319000
151	0.192000
152	0.256900
153	0.361400
154	0.124200
155	0.347300
156	0.144000
157	0.175100
158	1.257100
159	0.556200
160	0.804700
161	1.257100
162	1.257100
163	0.000000
164	1.257100
165	0.000000
166	0.299300
167	0.694600
168	0.434800
169	0.293600
170	0.186300
171	0.310600
172	0.327500
173	0.206100
174	0.110100
175	1.257100
176	0.231500
177	0.276700
178	0.138300
179	0.175100
180	0.166600
181	0.429200
182	0.217400
183	1.126600
184	1.056000
185	0.372700
186	0.813200
187	0.237200
188	0.821600
