1	0.053600
2	0.107200
3	0.063400
4	0.041400
5	0.302200
6	0.158400
7	0.243700
8	0.053600
9	0.075500
10	0.207100
11	0.185200
12	0.175500
13	0.787200
14	1.259000
15	0.138900
16	0.043900
17	0.138900
18	0.058500
19	0.048700
20	0.185200
21	0.048700
22	0.138900
23	0.287600
24	0.287600
25	0.085300
26	1.259000
27	0.809100
28	0.265600
29	1.259000
30	1.259000
31	0.070700
32	0.043900
33	0.170600
34	0.043900
35	0.080400
36	0.287600
37	0.075500
38	0.329000
39	0.436200
40	0.499600
41	0.755500
42	0.063400
43	0.416700
44	0.158400
45	0.160800
46	0.463000
47	0.080400
48	0.036600
49	0.180300
50	0.304600
51	0.368000
52	0.584900
53	0.282700
54	0.660400
55	0.121900
56	0.102400
57	0.219300
58	0.480100
59	0.099900
60	0.090200
61	0.185200
62	0.202300
63	0.355800
64	0.080400
65	0.224200
66	0.251000
67	0.409400
68	0.297300
69	0.767700
70	0.952900
71	0.265600
72	0.143800
73	0.165700
74	0.102400
75	0.134000
76	0.207100
77	0.107200
78	0.153500
79	1.259000
80	1.259000
81	0.117000
82	1.086900
83	0.143800
84	0.601900
85	0.202300
86	0.287600
87	0.175500
88	0.075500
89	0.158400
90	1.038200
91	1.259000
92	1.077200
93	0.265600
94	0.265600
95	0.202300
96	0.246100
97	0.265600
98	0.187700
99	0.229100
100	0.068200
101	0.409400
102	1.167300
103	0.894400
104	0.170600
105	0.329000
106	0.728700
107	0.143800
108	0.814000
109	0.677500
110	1.259000
111	0.148700
112	0.638500
113	0.511800
114	0.117000
115	0.463000
116	1.259000
117	0.789600
118	1.259000
119	0.192500
120	0.346100
121	0.143800
122	0.197400
123	0.212000
124	0.090200
125	0.260800
126	0.409400
127	0.238800
128	0.382600
129	1.259000
130	0.158400
131	0.117000
132	0.996800
133	0.377700
134	0.160800
135	0.121900
136	0.270500
137	0.112100
138	0.197400
139	0.080400
140	0.095000
141	0.224200
142	0.453300
143	0.704300
144	0.090200
145	0.387500
146	1.077200
147	1.128400
148	0.399700
149	0.853000
150	0.355800
151	0.134000
152	0.346100
153	0.363100
154	0.099900
155	0.185200
156	0.107200
157	0.107200
158	0.414300
159	0.601900
160	0.723800
161	1.060100
162	0.331400
163	0.202300
164	0.426500
165	0.821300
166	0.243700
167	1.259000
168	1.123500
169	0.260800
170	0.336300
171	0.499600
172	0.346100
173	0.319300
174	0.372900
175	1.259000
176	0.655600
177	0.363100
178	0.165700
179	0.000000
180	1.259000
181	0.000000
182	1.128400
183	1.259000
184	1.259000
185	0.489800
186	1.182000
187	0.346100
188	1.259000
