1	0.085100
2	0.111700
3	0.066500
4	0.074500
5	0.263400
6	0.122400
7	0.319200
8	0.055900
9	0.069200
10	0.298000
11	0.159600
12	0.151600
13	0.835400
14	1.243400
15	0.191500
16	0.079800
17	0.175600
18	0.095800
19	0.063800
20	0.186200
21	0.071800
22	0.101100
23	0.335200
24	0.292600
25	0.093100
26	1.243400
27	1.024300
28	0.300600
29	1.243400
30	1.243400
31	0.061200
32	0.042600
33	0.196900
34	0.055900
35	0.093100
36	0.308600
37	0.061200
38	0.274000
39	0.468200
40	0.603900
41	0.843300
42	0.079800
43	0.574600
44	0.133000
45	0.178200
46	0.468200
47	0.071800
48	0.045200
49	0.276700
50	0.361800
51	0.396400
52	0.665100
53	0.375100
54	0.771500
55	0.122400
56	0.138300
57	0.305900
58	0.401700
59	0.090500
60	0.098400
61	0.212800
62	0.180900
63	0.388400
64	0.093100
65	0.279300
66	0.290000
67	0.486900
68	0.319200
69	0.896600
70	1.000300
71	0.290000
72	0.164900
73	0.143700
74	0.149000
75	0.162300
76	0.159600
77	0.186200
78	0.164900
79	1.243400
80	1.243400
81	0.164900
82	1.243400
83	0.175600
84	0.686400
85	0.255400
86	0.290000
87	0.204900
88	0.079800
89	0.138300
90	1.223800
91	1.243400
92	1.090800
93	0.282000
94	0.242100
95	0.234100
96	0.279300
97	0.308600
98	0.236800
99	0.290000
100	0.082500
101	0.343200
102	1.243400
103	1.026900
104	0.210200
105	0.420300
106	0.936500
107	0.143700
108	0.936500
109	0.752900
110	1.243400
111	0.164900
112	0.587900
113	0.561300
114	0.202200
115	0.423000
116	1.243400
117	0.928500
118	1.243400
119	0.170300
120	0.343200
121	0.199500
122	0.234100
123	0.220800
124	0.090500
125	0.250100
126	0.361800
127	0.284700
128	0.431000
129	1.243400
130	0.138300
131	0.111700
132	0.981700
133	0.420300
134	0.159600
135	0.119700
136	0.207500
137	0.122400
138	0.263400
139	0.087800
140	0.063800
141	0.268700
142	0.494800
143	0.936500
144	0.111700
145	0.337900
146	1.122700
147	1.178600
148	0.457600
149	0.822100
150	0.271400
151	0.159600
152	0.284700
153	0.388400
154	0.090500
155	0.215500
156	0.101100
157	0.106400
158	0.441600
159	0.654500
160	0.766200
161	1.098700
162	0.345900
163	0.236800
164	0.433600
165	0.808800
166	0.295300
167	1.243400
168	1.243400
169	0.305900
170	0.313900
171	0.332600
172	0.311300
173	0.274000
174	0.266000
175	1.243400
176	0.468200
177	0.816700
178	0.303300
179	0.274000
180	0.000000
181	1.243400
182	0.000000
183	0.774200
184	1.243400
185	0.361800
186	0.814100
187	0.231500
188	0.939100
