1	0.097100
2	0.108200
3	0.063800
4	0.077700
5	0.302500
6	0.158200
7	0.385700
8	0.047200
9	0.083300
10	0.302500
11	0.155400
12	0.163700
13	0.904700
14	1.213000
15	0.216500
16	0.072200
17	0.199800
18	0.077700
19	0.083300
20	0.188700
21	0.050000
22	0.116600
23	0.355200
24	0.291400
25	0.105500
26	1.213000
27	1.157200
28	0.360800
29	1.213000
30	1.213000
31	0.066600
32	0.030500
33	0.202600
34	0.055500
35	0.069400
36	0.285800
37	0.066600
38	0.319100
39	0.482900
40	0.613300
41	0.990700
42	0.083300
43	0.571700
44	0.166500
45	0.158200
46	0.502300
47	0.074900
48	0.050000
49	0.272000
50	0.399600
51	0.452300
52	0.904700
53	0.413500
54	1.040600
55	0.149900
56	0.149900
57	0.383000
58	0.480100
59	0.063800
60	0.088800
61	0.249800
62	0.172100
63	0.388500
64	0.127700
65	0.274700
66	0.280300
67	0.535600
68	0.319100
69	1.018400
70	1.101700
71	0.272000
72	0.169300
73	0.174800
74	0.130400
75	0.163700
76	0.197000
77	0.149900
78	0.166500
79	1.213000
80	1.213000
81	0.180400
82	1.213000
83	0.216500
84	0.735400
85	0.230300
86	0.305300
87	0.210900
88	0.069400
89	0.149900
90	1.213000
91	1.213000
92	1.213000
93	0.338600
94	0.310800
95	0.283100
96	0.277500
97	0.338600
98	0.227600
99	0.299700
100	0.097100
101	0.402400
102	1.213000
103	1.213000
104	0.252500
105	0.385700
106	1.196000
107	0.188700
108	0.954600
109	0.793700
110	1.213000
111	0.208100
112	0.602200
113	0.716000
114	0.163700
115	0.383000
116	1.213000
117	0.865800
118	1.213000
119	0.177600
120	0.355200
121	0.185900
122	0.235900
123	0.227600
124	0.088800
125	0.294200
126	0.499500
127	0.377400
128	0.435700
129	1.213000
130	0.127700
131	0.141500
132	1.040600
133	0.430100
134	0.166500
135	0.130400
136	0.247000
137	0.116600
138	0.288600
139	0.083300
140	0.088800
141	0.255300
142	0.527300
143	1.171100
144	0.124900
145	0.335800
146	1.004600
147	1.213000
148	0.469000
149	0.832500
150	0.302500
151	0.138800
152	0.280300
153	0.360800
154	0.077700
155	0.227600
156	0.088800
157	0.099900
158	0.574400
159	0.727100
160	0.985100
161	1.213000
162	0.463400
163	0.319100
164	0.663200
165	1.010100
166	0.222000
167	1.213000
168	1.213000
169	0.302500
170	0.230300
171	0.299700
172	0.341300
173	0.205400
174	0.197000
175	1.213000
176	0.388500
177	0.258100
178	0.161000
179	0.227600
180	0.480100
181	0.449600
182	0.000000
183	1.213000
184	0.000000
185	0.263600
186	0.652100
187	0.188700
188	0.821400
