1	0.064400
2	0.090600
3	0.042900
4	0.064400
5	0.233700
6	0.152600
7	0.288600
8	0.035800
9	0.078700
10	0.252800
11	0.114500
12	0.176500
13	0.779800
14	1.179300
15	0.197900
16	0.050100
17	0.219400
18	0.078700
19	0.059600
20	0.214600
21	0.071500
22	0.073900
23	0.338600
24	0.298100
25	0.097800
26	1.179300
27	0.994400
28	0.293300
29	1.179300
30	1.179300
31	0.066800
32	0.035800
33	0.166900
34	0.042900
35	0.059600
36	0.226600
37	0.047700
38	0.314800
39	0.417300
40	0.548500
41	0.794100
42	0.081100
43	0.491300
44	0.135900
45	0.138300
46	0.391100
47	0.064400
48	0.062000
49	0.221800
50	0.343400
51	0.412600
52	0.679700
53	0.381600
54	0.841800
55	0.164500
56	0.135900
57	0.336200
58	0.445900
59	0.064400
60	0.052500
61	0.181200
62	0.186000
63	0.264700
64	0.107300
65	0.281400
66	0.250400
67	0.498400
68	0.307600
69	0.989700
70	0.951500
71	0.238500
72	0.095400
73	0.124000
74	0.150200
75	0.200300
76	0.143100
77	0.121600
78	0.150200
79	1.179300
80	1.179300
81	0.159800
82	1.128000
83	0.176500
84	0.610500
85	0.245600
86	0.214600
87	0.217000
88	0.057200
89	0.200300
90	1.179300
91	1.179300
92	1.120800
93	0.267100
94	0.355300
95	0.257600
96	0.207500
97	0.293300
98	0.205100
99	0.295700
100	0.057200
101	0.362500
102	1.179300
103	1.082700
104	0.188400
105	0.355300
106	1.025400
107	0.133500
108	0.853700
109	0.722600
110	1.179300
111	0.186000
112	0.567600
113	0.653400
114	0.171700
115	0.391100
116	1.179300
117	0.877600
118	1.135100
119	0.121600
120	0.352900
121	0.183600
122	0.217000
123	0.262300
124	0.088200
125	0.248000
126	0.484100
127	0.369600
128	0.383900
129	1.179300
130	0.114500
131	0.102500
132	1.032600
133	0.321900
134	0.126400
135	0.126400
136	0.186000
137	0.088200
138	0.259900
139	0.083500
140	0.062000
141	0.262300
142	0.529400
143	1.049300
144	0.090600
145	0.257600
146	0.834700
147	1.168500
148	0.414900
149	0.732100
150	0.283800
151	0.124000
152	0.290900
153	0.300500
154	0.052500
155	0.197900
156	0.076300
157	0.095400
158	0.479300
159	0.651000
160	0.908600
161	1.179300
162	0.352900
163	0.274200
164	0.601000
165	0.837000
166	0.310000
167	1.179300
168	1.168500
169	0.279000
170	0.248000
171	0.386300
172	0.338600
173	0.217000
174	0.169300
175	1.179300
176	0.231300
177	0.269500
178	0.207500
179	0.310000
180	0.307600
181	0.577100
182	0.190800
183	0.727300
184	0.000000
185	1.179300
186	0.000000
187	0.226600
188	1.179300
