1	0.120200
2	0.135900
3	0.065300
4	0.073200
5	0.394600
6	0.175100
7	0.313600
8	0.041800
9	0.115000
10	0.486000
11	0.310900
12	0.162000
13	0.000000
14	1.208500
15	0.000000
16	0.054900
17	0.185500
18	0.057500
19	0.054900
20	0.190700
21	0.044400
22	0.101900
23	0.303100
24	0.504300
25	0.091500
26	1.208500
27	1.208500
28	0.295300
29	1.208500
30	1.208500
31	0.060100
32	0.028700
33	0.190700
34	0.044400
35	0.088800
36	0.250800
37	0.044400
38	0.329200
39	0.695100
40	0.776100
41	1.208500
42	0.088800
43	0.851800
44	0.175100
45	0.167200
46	0.504300
47	0.067900
48	0.054900
49	0.305700
50	0.433800
51	0.533000
52	0.862300
53	0.441600
54	0.925000
55	0.196000
56	0.138500
57	0.428500
58	0.572200
59	0.073200
60	0.088800
61	0.245600
62	0.167200
63	0.386700
64	0.115000
65	0.284800
66	0.331800
67	0.663700
68	0.449400
69	1.084400
70	1.208500
71	0.290000
72	0.167200
73	0.154200
74	0.146300
75	0.182900
76	0.180300
77	0.151600
78	0.164600
79	1.208500
80	1.208500
81	0.177700
82	1.208500
83	0.196000
84	0.830900
85	0.258700
86	0.378900
87	0.216900
88	0.086200
89	0.190700
90	1.208500
91	1.208500
92	1.208500
93	0.308300
94	0.305700
95	0.266500
96	0.290000
97	0.318800
98	0.253500
99	0.316200
100	0.096700
101	0.420700
102	1.208500
103	1.204600
104	0.248200
105	0.389300
106	1.202000
107	0.175100
108	0.977300
109	0.828300
110	1.208500
111	0.196000
112	0.635000
113	0.635000
114	0.182900
115	0.391900
116	1.208500
117	0.867500
118	1.208500
119	0.167200
120	0.373700
121	0.190700
122	0.206400
123	0.203800
124	0.078400
125	0.258700
126	0.384100
127	0.269100
128	0.407600
129	1.208500
130	0.130600
131	0.099300
132	0.992900
133	0.405000
134	0.151600
135	0.135900
136	0.229900
137	0.117600
138	0.279600
139	0.099300
140	0.078400
141	0.229900
142	0.457300
143	1.021700
144	0.109700
145	0.352800
146	1.128800
147	1.165400
148	0.402400
149	0.757800
150	0.292700
151	0.133300
152	0.279600
153	0.352800
154	0.091500
155	0.198600
156	0.088800
157	0.088800
158	0.441600
159	0.512100
160	0.684600
161	0.992900
162	0.378900
163	0.237800
164	0.462500
165	0.794300
166	0.219500
167	1.208500
168	1.162800
169	0.266500
170	0.211700
171	0.248200
172	0.253500
173	0.193400
174	0.141100
175	1.208500
176	0.235200
177	0.243000
178	0.120200
179	0.148900
180	0.162000
181	0.428500
182	0.235200
183	0.841400
184	0.888400
185	0.258700
186	0.567000
187	0.198600
188	0.601000
