1	0.119000
2	0.134500
3	0.080200
4	0.080200
5	0.579400
6	0.258700
7	0.248300
8	0.095700
9	0.116400
10	0.356900
11	0.413900
12	0.269000
13	1.225700
14	1.171700
15	0.253500
16	0.067300
17	1.225700
18	0.134500
19	0.000000
20	1.225700
21	0.000000
22	0.199200
23	0.400900
24	0.812200
25	0.144800
26	1.225700
27	1.078600
28	0.346600
29	1.225700
30	1.225700
31	0.129300
32	0.108600
33	0.532800
34	0.235400
35	0.106000
36	0.739800
37	0.194000
38	0.294900
39	0.540600
40	0.944100
41	1.114800
42	0.108600
43	0.682900
44	0.206900
45	0.155200
46	0.496600
47	0.077600
48	0.041400
49	0.284500
50	0.354400
51	0.463000
52	0.752700
53	0.385400
54	0.651800
55	0.168100
56	0.129300
57	0.307800
58	0.452700
59	0.067300
60	0.100900
61	0.217300
62	0.217300
63	0.372500
64	0.150000
65	0.266400
66	0.287100
67	0.584600
68	0.375100
69	0.869100
70	0.970000
71	0.248300
72	0.144800
73	0.160400
74	0.160400
75	0.175900
76	0.170700
77	0.175900
78	0.160400
79	1.225700
80	1.225700
81	0.137100
82	1.135500
83	0.227600
84	0.618200
85	0.253500
86	0.294900
87	0.214700
88	0.111200
89	0.155200
90	1.094100
91	1.225700
92	0.977700
93	0.305200
94	0.276800
95	0.196600
96	0.258700
97	0.362100
98	0.206900
99	0.302600
100	0.072400
101	0.393200
102	1.184700
103	0.926000
104	0.248300
105	0.385400
106	0.858700
107	0.144800
108	0.827700
109	0.618200
110	1.225700
111	0.217300
112	0.519900
113	0.465600
114	0.175900
115	0.395700
116	1.225700
117	0.791500
118	1.225700
119	0.150000
120	0.328500
121	0.209500
122	0.178500
123	0.209500
124	0.072400
125	0.269000
126	0.284500
127	0.206900
128	0.460400
129	1.225700
130	0.119000
131	0.098300
132	0.975100
133	0.393200
134	0.170700
135	0.134500
136	0.157800
137	0.119000
138	0.217300
139	0.085400
140	0.056900
141	0.230200
142	0.336300
143	0.737200
144	0.100900
145	0.279400
146	1.195000
147	0.949300
148	0.325900
149	0.662200
150	0.269000
151	0.116400
152	0.217300
153	0.328500
154	0.051700
155	0.196600
156	0.051700
157	0.095700
158	0.367300
159	0.416400
160	0.569000
161	0.871700
162	0.325900
163	0.230200
164	0.434500
165	0.633700
166	0.188800
167	1.225700
168	0.856200
169	0.263800
170	0.245700
171	0.269000
172	0.214700
173	0.170700
174	0.100900
175	1.225700
176	0.227600
177	0.256100
178	0.090500
179	0.175900
180	0.144800
181	0.367300
182	0.170700
183	0.644100
184	0.726800
185	0.266400
186	0.455200
187	0.186200
188	0.592300
