1	0.112700
2	0.140900
3	0.066900
4	0.074000
5	0.306500
6	0.193800
7	0.401700
8	0.056400
9	0.098700
10	0.387600
11	0.197300
12	0.204400
13	1.205000
14	1.205000
15	0.257200
16	0.123300
17	0.243100
18	0.095100
19	0.063400
20	0.183200
21	0.056400
22	0.158500
23	0.845600
24	0.394600
25	0.000000
26	1.205000
27	0.000000
28	0.165600
29	1.205000
30	1.205000
31	0.088100
32	0.028200
33	0.165600
34	0.045800
35	0.095100
36	0.204400
37	0.066900
38	0.398100
39	0.426300
40	0.701100
41	0.824500
42	0.105700
43	0.584900
44	0.211400
45	0.165600
46	0.655300
47	0.077500
48	0.070500
49	0.303000
50	0.401700
51	0.468600
52	0.880800
53	0.433400
54	0.863200
55	0.162100
56	0.144500
57	0.359400
58	0.422800
59	0.074000
60	0.105700
61	0.292400
62	0.207900
63	0.496800
64	0.133900
65	0.419300
66	0.341800
67	0.528500
68	0.341800
69	1.141600
70	1.166200
71	0.320600
72	0.183200
73	0.200800
74	0.179700
75	0.214900
76	0.236100
77	0.183200
78	0.190300
79	1.205000
80	1.205000
81	0.190300
82	1.205000
83	0.239600
84	0.902000
85	0.239600
86	0.338200
87	0.267800
88	0.091600
89	0.165600
90	1.205000
91	1.205000
92	1.205000
93	0.415800
94	0.271300
95	0.239600
96	0.303000
97	0.429800
98	0.260700
99	0.288900
100	0.102200
101	0.362900
102	1.205000
103	1.205000
104	0.281900
105	0.475600
106	1.095800
107	0.204400
108	1.000600
109	0.824500
110	1.205000
111	0.225500
112	0.722300
113	0.602500
114	0.232500
115	0.535500
116	1.205000
117	1.046400
118	1.205000
119	0.200800
120	0.482700
121	0.222000
122	0.232500
123	0.236100
124	0.109200
125	0.334700
126	0.377000
127	0.271300
128	0.539100
129	1.205000
130	0.151500
131	0.155000
132	1.205000
133	0.525000
134	0.211400
135	0.169100
136	0.243100
137	0.112700
138	0.334700
139	0.109200
140	0.109200
141	0.299500
142	0.465100
143	0.990100
144	0.130400
145	0.451000
146	1.205000
147	1.205000
148	0.433400
149	0.944200
150	0.380500
151	0.176200
152	0.292400
153	0.503800
154	0.081000
155	0.303000
156	0.095100
157	0.102200
158	0.528500
159	0.507400
160	0.711700
161	1.049900
162	0.465100
163	0.306500
164	0.532000
165	0.828000
166	0.306500
167	1.205000
168	1.166200
169	0.348800
170	0.229000
171	0.296000
172	0.338200
173	0.232500
174	0.151500
175	1.205000
176	0.296000
177	0.408700
178	0.151500
179	0.186700
180	0.176200
181	0.503800
182	0.264200
183	0.919600
184	0.954800
185	0.292400
186	0.623600
187	0.271300
188	0.757500
