1	0.111500
2	0.129600
3	0.075300
4	0.069300
5	0.328400
6	0.165700
7	0.349500
8	0.045200
9	0.081400
10	0.307300
11	0.168700
12	0.180800
13	0.852700
14	1.225200
15	0.238000
16	0.084400
17	0.277200
18	0.090400
19	0.090400
20	0.235000
21	0.063300
22	0.087400
23	0.289300
24	0.569500
25	0.464000
26	0.000000
27	1.225200
28	0.000000
29	1.225200
30	1.225200
31	0.030100
32	0.033100
33	0.304300
34	0.045200
35	0.102400
36	0.280200
37	0.069300
38	0.349500
39	0.581500
40	0.822600
41	1.225200
42	0.096400
43	0.732200
44	0.195900
45	0.168700
46	0.584500
47	0.075300
48	0.057200
49	0.343500
50	0.473100
51	0.518300
52	0.882800
53	0.464000
54	0.958200
55	0.186800
56	0.150700
57	0.436900
58	0.527300
59	0.081400
60	0.123500
61	0.289300
62	0.195900
63	0.433900
64	0.135600
65	0.337500
66	0.337500
67	0.647800
68	0.445900
69	1.160000
70	1.225200
71	0.328400
72	0.186800
73	0.204900
74	0.138600
75	0.198900
76	0.204900
77	0.174800
78	0.195900
79	1.225200
80	1.225200
81	0.213900
82	1.225200
83	0.238000
84	0.910000
85	0.301300
86	0.400700
87	0.244100
88	0.081400
89	0.201900
90	1.225200
91	1.225200
92	1.225200
93	0.370600
94	0.304300
95	0.277200
96	0.292300
97	0.373600
98	0.247100
99	0.316400
100	0.099400
101	0.436900
102	1.225200
103	1.225200
104	0.283200
105	0.458000
106	1.181100
107	0.153700
108	1.057600
109	0.864800
110	1.225200
111	0.186800
112	0.653800
113	0.656900
114	0.183800
115	0.439900
116	1.225200
117	1.012400
118	1.225200
119	0.168700
120	0.388700
121	0.213900
122	0.216900
123	0.226000
124	0.099400
125	0.268200
126	0.373600
127	0.283200
128	0.482100
129	1.225200
130	0.138600
131	0.096400
132	1.157000
133	0.479100
134	0.159700
135	0.141600
136	0.238000
137	0.117500
138	0.298300
139	0.090400
140	0.081400
141	0.250100
142	0.494200
143	1.045600
144	0.117500
145	0.370600
146	1.225200
147	1.205200
148	0.430900
149	0.840700
150	0.304300
151	0.168700
152	0.262100
153	0.388700
154	0.069300
155	0.244100
156	0.087400
157	0.087400
158	0.452000
159	0.479100
160	0.753300
161	1.003400
162	0.406800
163	0.277200
164	0.530300
165	0.825600
166	0.262100
167	1.225200
168	1.139000
169	0.304300
170	0.213900
171	0.283200
172	0.292300
173	0.229000
174	0.150700
175	1.225200
176	0.271200
177	0.319400
178	0.141600
179	0.177800
180	0.138600
181	0.442900
182	0.226000
183	0.861800
184	0.867800
185	0.268200
186	0.611700
187	0.213900
188	0.665900
