1	0.124000
2	0.087100
3	0.050100
4	0.073900
5	0.374800
6	0.155700
7	0.290300
8	0.058100
9	0.081800
10	0.266600
11	0.132000
12	0.142500
13	0.541100
14	1.226300
15	0.195300
16	0.060700
17	0.282400
18	0.076500
19	0.092400
20	0.256000
21	0.097700
22	0.097700
23	0.332600
24	0.393300
25	0.126700
26	1.226300
27	1.226300
28	0.300900
29	1.226300
30	1.226300
31	0.113500
32	0.060700
33	0.253400
34	0.121400
35	0.256000
36	0.414400
37	0.102900
38	0.277100
39	1.226300
40	0.860400
41	0.649300
42	0.000000
43	1.226300
44	0.000000
45	0.139900
46	0.744300
47	0.079200
48	0.068600
49	0.319400
50	0.475100
51	0.509400
52	1.066300
53	0.483000
54	1.161300
55	0.166300
56	0.129300
57	0.340500
58	0.461900
59	0.060700
60	0.073900
61	0.213800
62	0.187400
63	0.382700
64	0.108200
65	0.285000
66	0.322000
67	0.604400
68	0.432900
69	0.987100
70	1.161300
71	0.295600
72	0.174200
73	0.166300
74	0.110900
75	0.179500
76	0.171600
77	0.153100
78	0.153100
79	1.226300
80	1.226300
81	0.174200
82	1.226300
83	0.190000
84	0.736400
85	0.203200
86	0.319400
87	0.211100
88	0.079200
89	0.147800
90	1.226300
91	1.226300
92	1.140200
93	0.300900
94	0.269200
95	0.242800
96	0.269200
97	0.285000
98	0.224300
99	0.332600
100	0.079200
101	0.361600
102	1.226300
103	1.087400
104	0.253400
105	0.395900
106	1.226300
107	0.142500
108	1.050500
109	0.855100
110	1.226300
111	0.179500
112	0.572700
113	0.527900
114	0.190000
115	0.390600
116	1.226300
117	0.826100
118	1.226300
119	0.158400
120	0.343100
121	0.168900
122	0.161000
123	0.163600
124	0.089700
125	0.253400
126	0.364200
127	0.245500
128	0.395900
129	1.226300
130	0.121400
131	0.116100
132	0.976600
133	0.390600
134	0.137200
135	0.116100
136	0.174200
137	0.105600
138	0.234900
139	0.087100
140	0.087100
141	0.229600
142	0.401200
143	0.926400
144	0.102900
145	0.366900
146	1.137600
147	1.203500
148	0.359000
149	0.723200
150	0.306200
151	0.126700
152	0.205900
153	0.366900
154	0.073900
155	0.179500
156	0.073900
157	0.081800
158	0.388000
159	0.461900
160	0.662500
161	0.984500
162	0.335200
163	0.232300
164	0.395900
165	0.675700
166	0.248100
167	1.226300
168	1.226300
169	0.234900
170	0.293000
171	0.369500
172	0.248100
173	0.224300
174	0.139900
175	1.226300
176	0.261300
177	0.256000
178	0.116100
179	0.134600
180	0.121400
181	0.427600
182	0.195300
183	0.731100
184	0.831400
185	0.227000
186	0.585900
187	0.174200
188	0.609700
