1	0.087100
2	0.095200
3	0.065300
4	0.098000
5	0.315700
6	0.157800
7	0.291200
8	0.054400
9	0.095200
10	0.299300
11	0.160600
12	0.174200
13	0.930700
14	1.326300
15	0.215000
16	0.073500
17	0.204100
18	0.087100
19	0.073500
20	0.217700
21	0.046300
22	0.106100
23	0.383700
24	0.421800
25	0.119700
26	1.326300
27	1.326300
28	0.340200
29	1.326300
30	1.326300
31	0.068000
32	0.021800
33	0.220400
34	0.035400
35	0.133300
36	0.280300
37	0.062600
38	0.315700
39	0.560600
40	0.715700
41	0.922500
42	0.051700
43	0.631300
44	0.144200
45	0.133300
46	0.547000
47	0.076200
48	0.043500
49	0.242200
50	0.351000
51	0.348300
52	0.655800
53	0.323800
54	0.751100
55	0.187800
56	0.125200
57	0.326600
58	0.364700
59	0.081600
60	0.114300
61	0.231300
62	0.171400
63	0.410900
64	0.144200
65	0.293900
66	0.457200
67	0.658600
68	0.563300
69	1.326300
70	1.326300
71	0.587800
72	0.356500
73	0.228600
74	0.179600
75	0.206800
76	0.296600
77	0.315700
78	0.370100
79	0.849000
80	1.326300
81	0.364700
82	1.001400
83	0.332000
84	0.938900
85	0.000000
86	1.326300
87	0.000000
88	0.171400
89	0.228600
90	1.326300
91	1.326300
92	1.326300
93	0.367400
94	0.947000
95	0.571500
96	0.481700
97	0.370100
98	0.296600
99	0.247600
100	0.084400
101	0.525200
102	1.326300
103	1.025900
104	0.242200
105	0.438100
106	1.175600
107	0.171400
108	1.326300
109	1.036800
110	1.326300
111	0.168700
112	0.628600
113	0.541500
114	0.149700
115	0.435400
116	1.326300
117	1.102100
118	1.326300
119	0.193200
120	0.364700
121	0.182300
122	0.176900
123	0.244900
124	0.065300
125	0.228600
126	0.242200
127	0.182300
128	0.440900
129	1.326300
130	0.103400
131	0.125200
132	0.974200
133	0.397300
134	0.195900
135	0.092500
136	0.209500
137	0.108900
138	0.258500
139	0.089800
140	0.100700
141	0.234000
142	0.492600
143	1.118500
144	0.098000
145	0.318400
146	1.080400
147	1.326300
148	0.389100
149	0.767400
150	0.258500
151	0.130600
152	0.323800
153	0.446300
154	0.078900
155	0.204100
156	0.087100
157	0.098000
158	0.405500
159	0.536100
160	0.672200
161	1.055900
162	0.370100
163	0.264000
164	0.438100
165	0.840900
166	0.225900
167	1.326300
168	1.224600
169	0.321100
170	0.185000
171	0.288500
172	0.269400
173	0.171400
174	0.100700
175	1.326300
176	0.239500
177	0.293900
178	0.103400
179	0.141500
180	0.166000
181	0.427200
182	0.190500
183	0.775600
184	0.732000
185	0.198700
186	0.519800
187	0.220400
188	0.669400
