1	0.101700
2	0.083200
3	0.050800
4	0.076300
5	0.208000
6	0.143300
7	0.284200
8	0.037000
9	0.087800
10	0.270400
11	0.117900
12	0.124800
13	0.679400
14	1.244400
15	0.168700
16	0.062400
17	0.171000
18	0.067000
19	0.060100
20	0.203400
21	0.050800
22	0.094700
23	0.325800
24	0.337400
25	0.087800
26	1.244400
27	1.033000
28	0.265800
29	1.244400
30	1.244400
31	0.043900
32	0.037000
33	0.182600
34	0.069300
35	0.097100
36	0.245000
37	0.071600
38	0.272700
39	0.429800
40	0.630900
41	0.940600
42	0.085500
43	0.531500
44	0.147900
45	0.154800
46	0.526900
47	0.057800
48	0.050800
49	0.228800
50	0.344300
51	0.404400
52	0.714100
53	0.335100
54	0.799600
55	0.136300
56	0.124800
57	0.418300
58	0.388200
59	0.057800
60	0.108600
61	0.214900
62	0.159500
63	0.342000
64	0.101700
65	0.258800
66	0.307400
67	0.665600
68	0.422900
69	1.178600
70	1.244400
71	0.381300
72	0.254200
73	0.154800
74	0.171000
75	0.164100
76	0.184900
77	0.177900
78	0.180300
79	1.009900
80	1.178600
81	0.208000
82	1.244400
83	0.205700
84	0.979800
85	0.741800
86	0.940600
87	0.302700
88	0.173300
89	0.570800
90	0.982200
91	0.838900
92	1.244400
93	0.000000
94	1.244400
95	0.000000
96	0.295800
97	0.369800
98	0.226500
99	0.321200
100	0.083200
101	0.570800
102	1.244400
103	1.058400
104	0.164100
105	0.522300
106	1.244400
107	0.203400
108	1.053800
109	0.878200
110	1.244400
111	0.168700
112	0.774200
113	0.478400
114	0.175600
115	0.381300
116	1.244400
117	0.889700
118	1.244400
119	0.177900
120	0.349000
121	0.217200
122	0.240300
123	0.249600
124	0.094700
125	0.231100
126	0.312000
127	0.180300
128	0.314300
129	1.244400
130	0.127100
131	0.085500
132	0.959000
133	0.328200
134	0.164100
135	0.127100
136	0.214900
137	0.094700
138	0.242600
139	0.092400
140	0.067000
141	0.242600
142	0.466800
143	0.811100
144	0.106300
145	0.293500
146	0.825000
147	1.236400
148	0.399800
149	0.727900
150	0.235700
151	0.147900
152	0.240300
153	0.335100
154	0.069300
155	0.120200
156	0.106300
157	0.085500
158	0.355900
159	0.459900
160	0.704800
161	0.894300
162	0.360500
163	0.245000
164	0.392900
165	0.732600
166	0.205700
167	1.244400
168	1.123100
169	0.226500
170	0.205700
171	0.286600
172	0.242600
173	0.171000
174	0.090100
175	1.244400
176	0.210300
177	0.238000
178	0.117900
179	0.117900
180	0.152500
181	0.353600
182	0.136300
183	0.781100
184	0.804200
185	0.325800
186	0.508400
187	0.161800
188	0.536100
