1	0.084100
2	0.094000
3	0.049500
4	0.061900
5	0.237600
6	0.131200
7	0.269800
8	0.032200
9	0.054400
10	0.247500
11	0.118800
12	0.138600
13	0.730100
14	1.218000
15	0.198000
16	0.066800
17	0.193000
18	0.081700
19	0.064300
20	0.175700
21	0.049500
22	0.099000
23	0.339100
24	0.289600
25	0.094000
26	1.218000
27	1.145900
28	0.287100
29	1.218000
30	1.218000
31	0.079200
32	0.029700
33	0.173200
34	0.049500
35	0.076700
36	0.259900
37	0.064300
38	0.292000
39	0.467800
40	0.633600
41	0.895900
42	0.076700
43	0.551900
44	0.155900
45	0.131200
46	0.495000
47	0.056900
48	0.052000
49	0.250000
50	0.349000
51	0.452900
52	0.900900
53	0.413300
54	1.079100
55	0.175700
56	0.126200
57	0.358900
58	0.529600
59	0.059400
60	0.099000
61	0.232600
62	0.168300
63	0.346500
64	0.126200
65	0.257400
66	0.306900
67	0.606300
68	0.376200
69	0.938000
70	1.218000
71	0.277200
72	0.153400
73	0.163300
74	0.133600
75	0.155900
76	0.155900
77	0.133600
78	0.173200
79	1.218000
80	1.218000
81	0.178200
82	1.218000
83	0.200500
84	0.938000
85	0.195500
86	0.262300
87	0.225200
88	0.081700
89	0.200500
90	1.218000
91	1.218000
92	1.218000
93	0.259900
94	0.272200
95	0.319300
96	0.326700
97	0.467800
98	0.165800
99	0.344000
100	0.353900
101	0.997400
102	0.000000
103	1.218000
104	0.000000
105	0.195500
106	1.218000
107	0.101500
108	1.195400
109	0.670700
110	1.218000
111	0.153400
112	0.598900
113	1.024600
114	0.257400
115	0.326700
116	1.218000
117	0.831600
118	1.218000
119	0.153400
120	0.356400
121	0.235100
122	0.232600
123	0.254900
124	0.084100
125	0.269800
126	0.621200
127	0.475200
128	0.408400
129	1.218000
130	0.116300
131	0.106400
132	0.836500
133	0.393500
134	0.190600
135	0.133600
136	0.274700
137	0.091600
138	0.336600
139	0.084100
140	0.066800
141	0.205400
142	0.509800
143	0.997400
144	0.113800
145	0.326700
146	0.851400
147	1.041900
148	0.502400
149	0.933000
150	0.319300
151	0.141100
152	0.324200
153	0.363800
154	0.074200
155	0.193000
156	0.074200
157	0.111400
158	0.418300
159	0.539500
160	0.628600
161	1.111200
162	0.346500
163	0.250000
164	0.472700
165	0.863700
166	0.193000
167	1.218000
168	1.173100
169	0.257400
170	0.178200
171	0.230200
172	0.262300
173	0.175700
174	0.106400
175	1.218000
176	0.207900
177	0.222700
178	0.103900
179	0.118800
180	0.131200
181	0.388600
182	0.185600
183	0.843900
184	0.913200
185	0.254900
186	0.556800
187	0.173200
188	0.633600
