1	0.094600
2	0.110800
3	0.054100
4	0.051400
5	0.275800
6	0.129800
7	0.308200
8	0.037800
9	0.067600
10	0.267700
11	0.156800
12	0.164900
13	0.770500
14	1.349100
15	0.221700
16	0.081100
17	0.183800
18	0.078400
19	0.062200
20	0.197400
21	0.056800
22	0.110800
23	0.321700
24	0.302800
25	0.110800
26	1.349100
27	1.246300
28	0.310900
29	1.349100
30	1.349100
31	0.075700
32	0.048700
33	0.186500
34	0.051400
35	0.100000
36	0.264900
37	0.081100
38	0.313600
39	0.511000
40	0.635300
41	1.140900
42	0.100000
43	0.765100
44	0.154100
45	0.159500
46	0.524500
47	0.070300
48	0.059500
49	0.294700
50	0.383900
51	0.494800
52	1.051700
53	0.475800
54	1.076000
55	0.189200
56	0.148700
57	0.419100
58	0.532600
59	0.054100
60	0.105400
61	0.232500
62	0.164900
63	0.375800
64	0.127100
65	0.267700
66	0.373100
67	0.643400
68	0.435300
69	1.232800
70	1.349100
71	0.324400
72	0.183800
73	0.167600
74	0.154100
75	0.189200
76	0.167600
77	0.156800
78	0.183800
79	1.349100
80	1.349100
81	0.210900
82	1.349100
83	0.208200
84	1.000300
85	0.264900
86	0.362300
87	0.246000
88	0.097300
89	0.246000
90	1.349100
91	1.349100
92	1.349100
93	0.273100
94	0.410900
95	0.459600
96	0.435300
97	0.416300
98	0.405500
99	0.540700
100	0.137900
101	0.419100
102	1.349100
103	1.349100
104	0.846200
105	0.000000
106	1.349100
107	0.000000
108	0.824600
109	0.570500
110	1.349100
111	0.148700
112	0.375800
113	0.662400
114	0.213600
115	0.362300
116	1.349100
117	0.797600
118	1.349100
119	0.192000
120	0.356900
121	0.256800
122	0.224400
123	0.192000
124	0.089200
125	0.267700
126	0.538000
127	0.435300
128	0.421800
129	1.349100
130	0.116300
131	0.113500
132	1.049000
133	0.432600
134	0.159500
135	0.124400
136	0.256800
137	0.137900
138	0.294700
139	0.105400
140	0.083800
141	0.313600
142	0.602900
143	1.349100
144	0.137900
145	0.337900
146	0.935400
147	1.349100
148	0.419100
149	0.748900
150	0.300100
151	0.156800
152	0.286600
153	0.354200
154	0.059500
155	0.210900
156	0.070300
157	0.094600
158	0.505600
159	0.538000
160	0.943500
161	1.111200
162	0.446100
163	0.302800
164	0.632600
165	1.051700
166	0.237900
167	1.349100
168	1.349100
169	0.281200
170	0.213600
171	0.264900
172	0.270400
173	0.208200
174	0.129800
175	1.349100
176	0.229800
177	0.278500
178	0.102700
179	0.143300
180	0.129800
181	0.427200
182	0.194700
183	0.938100
184	0.984100
185	0.292000
186	0.638000
187	0.213600
188	0.684000
