1	0.133500
2	0.130100
3	0.068500
4	0.068500
5	0.352500
6	0.181400
7	0.345700
8	0.058200
9	0.075300
10	0.349100
11	0.181400
12	0.201900
13	1.091800
14	1.251400
15	0.277200
16	0.082100
17	0.253300
18	0.106100
19	0.085600
20	0.243000
21	0.075300
22	0.150600
23	0.441500
24	0.359400
25	0.143700
26	1.251400
27	1.251400
28	0.424400
29	1.251400
30	1.251400
31	0.085600
32	0.041100
33	0.232700
34	0.065000
35	0.116400
36	0.325100
37	0.089000
38	0.397000
39	0.571600
40	0.794000
41	0.958300
42	0.119800
43	0.715300
44	0.208800
45	0.181400
46	0.636600
47	0.075300
48	0.065000
49	0.314900
50	0.397000
51	0.489400
52	0.862500
53	0.448400
54	0.920700
55	0.147200
56	0.157400
57	0.352500
58	0.414100
59	0.082100
60	0.112900
61	0.263500
62	0.222500
63	0.462000
64	0.133500
65	0.366200
66	0.335400
67	0.633200
68	0.400400
69	1.132900
70	0.978900
71	0.338800
72	0.195100
73	0.212200
74	0.181400
75	0.229300
76	0.229300
77	0.191700
78	0.201900
79	1.251400
80	1.251400
81	0.222500
82	1.251400
83	0.253300
84	0.811200
85	0.277200
86	0.417600
87	0.267000
88	0.095800
89	0.195100
90	1.251400
91	1.251400
92	1.197900
93	0.417600
94	0.362800
95	0.287500
96	0.335400
97	0.448400
98	0.243000
99	0.273800
100	0.106100
101	0.400400
102	1.251400
103	1.251400
104	0.304600
105	0.513400
106	1.251400
107	0.229300
108	1.194500
109	1.061000
110	1.251400
111	0.246400
112	0.616100
113	0.438100
114	0.273800
115	0.924100
116	1.251400
117	0.000000
118	1.251400
119	0.000000
120	0.335400
121	0.410700
122	0.270400
123	0.253300
124	0.106100
125	0.318300
126	0.301200
127	0.208800
128	0.568100
129	1.251400
130	0.136900
131	0.143700
132	1.251400
133	0.527100
134	0.184800
135	0.147200
136	0.215600
137	0.133500
138	0.290900
139	0.119800
140	0.102700
141	0.325100
142	0.547600
143	1.105500
144	0.126600
145	0.451800
146	1.251400
147	1.251400
148	0.431200
149	0.924100
150	0.332000
151	0.198500
152	0.267000
153	0.520200
154	0.089000
155	0.260100
156	0.123200
157	0.089000
158	0.523700
159	0.537300
160	0.794000
161	1.078100
162	0.468900
163	0.321700
164	0.551000
165	0.896700
166	0.297800
167	1.251400
168	1.251400
169	0.335400
170	0.277200
171	0.318300
172	0.342300
173	0.239600
174	0.171100
175	1.251400
176	0.308000
177	0.352500
178	0.147200
179	0.171100
180	0.208800
181	0.516800
182	0.232700
183	0.934400
184	0.927500
185	0.253300
186	0.609200
187	0.263500
188	0.735900
