1	0.100400
2	0.106200
3	0.054500
4	0.080300
5	0.284100
6	0.106200
7	0.301300
8	0.051600
9	0.114800
10	0.295500
11	0.177900
12	0.186500
13	0.832100
14	1.265000
15	0.163500
16	0.080300
17	0.195100
18	0.063100
19	0.077500
20	0.252500
21	0.034400
22	0.126200
23	0.453300
24	0.350000
25	0.109000
26	1.265000
27	1.179200
28	0.321400
29	1.265000
30	1.265000
31	0.091800
32	0.051600
33	0.223800
34	0.051600
35	0.077500
36	0.292700
37	0.088900
38	0.301300
39	0.470500
40	0.697200
41	0.921000
42	0.088900
43	0.545100
44	0.149200
45	0.180800
46	0.599700
47	0.063100
48	0.071700
49	0.338600
50	0.439000
51	0.499200
52	1.032900
53	0.562400
54	0.989900
55	0.220900
56	0.177900
57	0.384500
58	0.499200
59	0.051600
60	0.123400
61	0.301300
62	0.195100
63	0.473400
64	0.189400
65	0.327100
66	0.266800
67	0.562400
68	0.482000
69	0.964100
70	1.133300
71	0.301300
72	0.169300
73	0.195100
74	0.160700
75	0.195100
76	0.215200
77	0.212300
78	0.198000
79	1.265000
80	1.265000
81	0.266800
82	1.265000
83	0.198000
84	0.812000
85	0.215200
86	0.295500
87	0.266800
88	0.117600
89	0.206600
90	1.265000
91	1.265000
92	1.041500
93	0.355800
94	0.355800
95	0.309900
96	0.355800
97	0.390200
98	0.241000
99	0.309900
100	0.077500
101	0.413200
102	1.265000
103	1.265000
104	0.318500
105	0.439000
106	1.265000
107	0.252500
108	0.898100
109	0.794800
110	1.265000
111	0.206600
112	0.743100
113	0.774700
114	0.301300
115	0.427500
116	1.265000
117	0.657000
118	1.265000
119	0.794800
120	0.000000
121	1.265000
122	0.000000
123	0.571000
124	0.140600
125	0.473400
126	0.479200
127	0.295500
128	0.519300
129	1.265000
130	0.195100
131	0.152100
132	1.265000
133	0.470500
134	0.152100
135	0.149200
136	0.355800
137	0.212300
138	0.304100
139	0.117600
140	0.071700
141	0.398800
142	0.579600
143	1.170600
144	0.140600
145	0.347200
146	1.170600
147	1.265000
148	0.456200
149	0.989900
150	0.341400
151	0.180800
152	0.309900
153	0.436100
154	0.100400
155	0.252500
156	0.126200
157	0.114800
158	0.375900
159	0.571000
160	0.849300
161	0.918100
162	0.390200
163	0.278300
164	0.550900
165	1.001400
166	0.278300
167	1.265000
168	1.015700
169	0.304100
170	0.198000
171	0.275400
172	0.364400
173	0.241000
174	0.132000
175	1.265000
176	0.301300
177	0.295500
178	0.172200
179	0.169300
180	0.134900
181	0.479200
182	0.249600
183	0.768900
184	0.892300
185	0.275400
186	0.571000
187	0.246800
188	0.760300
