1	0.103300
2	0.088000
3	0.072600
4	0.035200
5	0.237500
6	0.147300
7	0.257300
8	0.033000
9	0.059400
10	0.241900
11	0.127500
12	0.145100
13	0.624500
14	1.268800
15	0.162700
16	0.061600
17	0.156100
18	0.059400
19	0.044000
20	0.151700
21	0.039600
22	0.088000
23	0.274900
24	0.241900
25	0.079200
26	1.279200
27	0.923500
28	0.241900
29	1.279200
30	1.279200
31	0.070400
32	0.050600
33	0.131900
34	0.052800
35	0.092400
36	0.268300
37	0.057200
38	0.268300
39	0.347400
40	0.514500
41	0.870800
42	0.068200
43	0.521100
44	0.142900
45	0.098900
46	0.492500
47	0.072600
48	0.055000
49	0.327600
50	0.400200
51	0.505700
52	1.227000
53	0.492500
54	1.279200
55	0.204500
56	0.145100
57	0.448600
58	0.613500
59	0.055000
60	0.088000
61	0.164900
62	0.127500
63	0.327600
64	0.123100
65	0.191300
66	0.283700
67	0.437600
68	0.316600
69	0.943300
70	0.807000
71	0.195700
72	0.098900
73	0.127500
74	0.081400
75	0.114300
76	0.138500
77	0.134100
78	0.112100
79	1.279200
80	1.279200
81	0.151700
82	0.811400
83	0.173700
84	0.620100
85	0.180300
86	0.175900
87	0.178100
88	0.057200
89	0.189100
90	1.279200
91	1.279200
92	1.271000
93	0.230900
94	0.228700
95	0.270500
96	0.259500
97	0.230900
98	0.167100
99	0.312200
100	0.101100
101	0.426600
102	1.279200
103	1.279200
104	0.184700
105	0.294600
106	1.260000
107	0.140700
108	0.644300
109	0.532100
110	1.279200
111	0.195700
112	0.584900
113	1.044500
114	0.241900
115	0.376000
116	1.279200
117	0.835600
118	0.905900
119	0.200100
120	0.409000
121	0.213300
122	0.358400
123	0.233100
124	0.118700
125	0.000000
126	1.279200
127	0.000000
128	0.305600
129	0.705800
130	0.158300
131	0.105500
132	1.279200
133	0.523300
134	0.277100
135	0.164900
136	0.255100
137	0.096800
138	0.299000
139	0.066000
140	0.088000
141	0.252900
142	0.780600
143	1.279200
144	0.107700
145	0.219900
146	0.688200
147	0.714600
148	0.362800
149	0.655300
150	0.222100
151	0.123100
152	0.228700
153	0.274900
154	0.059400
155	0.175900
156	0.112100
157	0.085800
158	0.448600
159	0.492500
160	0.807000
161	1.031300
162	0.387000
163	0.257300
164	0.637700
165	1.015900
166	0.213300
167	1.279200
168	0.993900
169	0.250700
170	0.164900
171	0.195700
172	0.252900
173	0.164900
174	0.112100
175	1.279200
176	0.197900
177	0.189100
178	0.072600
179	0.101100
180	0.171500
181	0.387000
182	0.164900
183	0.916900
184	1.066500
185	0.323200
186	0.730000
187	0.151700
188	0.598100
