1	0.105100
2	0.138200
3	0.058100
4	0.074600
5	0.273700
6	0.154800
7	0.298600
8	0.035900
9	0.074600
10	0.270900
11	0.146500
12	0.188000
13	0.812800
14	1.260000
15	0.226700
16	0.082900
17	0.196300
18	0.066400
19	0.063600
20	0.196300
21	0.058100
22	0.107800
23	0.337300
24	0.304100
25	0.110600
26	1.260000
27	1.188800
28	0.373200
29	1.260000
30	1.260000
31	0.066400
32	0.030400
33	0.182500
34	0.049800
35	0.091200
36	0.304100
37	0.063600
38	0.287500
39	0.530800
40	0.580600
41	0.898500
42	0.099500
43	0.575100
44	0.152100
45	0.135500
46	0.530800
47	0.096800
48	0.049800
49	0.254400
50	0.362200
51	0.411900
52	0.641400
53	0.356600
54	0.785200
55	0.182500
56	0.127200
57	0.392600
58	0.508700
59	0.074600
60	0.110600
61	0.240500
62	0.182500
63	0.406400
64	0.110600
65	0.337300
66	0.356600
67	0.558500
68	0.434100
69	0.973200
70	1.260000
71	0.309600
72	0.143800
73	0.171400
74	0.168600
75	0.185200
76	0.196300
77	0.135500
78	0.171400
79	1.260000
80	1.260000
81	0.207400
82	1.260000
83	0.215600
84	1.014600
85	0.240500
86	0.315200
87	0.212900
88	0.060800
89	0.282000
90	1.260000
91	1.260000
92	1.260000
93	0.304100
94	0.326200
95	0.293100
96	0.329000
97	0.353900
98	0.301300
99	0.439600
100	0.091200
101	0.514200
102	1.260000
103	1.260000
104	0.262600
105	0.450600
106	1.092000
107	0.163100
108	1.202600
109	0.898500
110	1.260000
111	0.295800
112	1.155600
113	1.260000
114	0.398100
115	0.572300
116	1.260000
117	1.097600
118	1.260000
119	0.207400
120	0.409200
121	0.226700
122	0.284800
123	0.334500
124	0.102300
125	0.240500
126	0.406400
127	0.223900
128	0.409200
129	1.260000
130	0.146500
131	0.138200
132	1.216500
133	0.505900
134	0.259900
135	0.185200
136	0.539100
137	0.135500
138	0.619300
139	0.080200
140	0.082900
141	0.259900
142	0.259900
143	0.345600
144	0.094000
145	0.688400
146	0.409200
147	0.000000
148	1.260000
149	0.000000
150	0.627600
151	0.259900
152	0.696700
153	0.530800
154	0.099500
155	0.207400
156	0.129900
157	0.138200
158	0.594400
159	0.743700
160	0.931700
161	1.260000
162	0.478300
163	0.312400
164	0.508700
165	1.075500
166	0.306900
167	1.260000
168	1.260000
169	0.320700
170	0.254400
171	0.356600
172	0.317900
173	0.240500
174	0.149300
175	1.260000
176	0.287500
177	0.304100
178	0.102300
179	0.138200
180	0.188000
181	0.544600
182	0.251600
183	0.962100
184	0.951000
185	0.309600
186	0.622100
187	0.207400
188	0.716100
