1	0.109000
2	0.070800
3	0.049000
4	0.065400
5	0.277800
6	0.174300
7	0.266900
8	0.040900
9	0.076300
10	0.283300
11	0.179800
12	0.168900
13	0.828100
14	1.263900
15	0.242400
16	0.059900
17	0.234300
18	0.068100
19	0.089900
20	0.264200
21	0.068100
22	0.109000
23	0.373200
24	0.351400
25	0.095300
26	1.263900
27	1.062300
28	0.307800
29	1.263900
30	1.263900
31	0.068100
32	0.038100
33	0.185200
34	0.051800
35	0.125300
36	0.256000
37	0.095300
38	0.316000
39	0.509400
40	0.596500
41	0.893400
42	0.117100
43	0.844400
44	0.302400
45	0.242400
46	0.599300
47	0.079000
48	0.057200
49	0.258800
50	0.345900
51	0.400400
52	0.632000
53	0.324100
54	0.708200
55	0.149800
56	0.089900
57	0.340500
58	0.373200
59	0.087200
60	0.070800
61	0.207000
62	0.196100
63	0.422200
64	0.138900
65	0.362300
66	0.296900
67	0.482100
68	0.313300
69	0.920700
70	0.964300
71	0.242400
72	0.155300
73	0.158000
74	0.125300
75	0.163400
76	0.204300
77	0.119900
78	0.204300
79	1.263900
80	1.263900
81	0.136200
82	1.168600
83	0.223400
84	0.730000
85	0.245200
86	0.266900
87	0.228800
88	0.081700
89	0.242400
90	1.263900
91	1.263900
92	1.184900
93	0.370500
94	0.302400
95	0.272400
96	0.340500
97	0.305100
98	0.237000
99	0.351400
100	0.098100
101	0.471200
102	1.263900
103	1.005100
104	0.226100
105	0.449400
106	1.005100
107	0.204300
108	0.945200
109	0.844400
110	1.263900
111	0.207000
112	0.602000
113	0.444000
114	0.147100
115	0.509400
116	1.263900
117	0.964300
118	1.263900
119	0.136200
120	0.381300
121	0.177100
122	0.209700
123	0.283300
124	0.087200
125	0.294200
126	0.326900
127	0.226100
128	0.414000
129	1.263900
130	0.138900
131	0.125300
132	0.988800
133	0.493000
134	0.163400
135	0.155300
136	0.217900
137	0.138900
138	0.313300
139	0.076300
140	0.095300
141	0.277800
142	0.463100
143	1.032400
144	0.117100
145	0.313300
146	0.945200
147	1.263900
148	0.454900
149	0.836200
150	0.321400
151	0.144400
152	0.362300
153	0.438600
154	0.087200
155	0.215200
156	0.100800
157	0.119900
158	0.441300
159	0.542100
160	1.029600
161	0.926100
162	0.291500
163	0.340500
164	0.403100
165	0.817200
166	0.370500
167	1.263900
168	1.263900
169	0.000000
170	1.263900
171	0.000000
172	0.569300
173	0.275100
174	0.226100
175	1.263900
176	0.302400
177	0.433100
178	0.209700
179	0.286000
180	0.283300
181	0.670100
182	0.286000
183	0.844400
184	1.092300
185	0.332300
186	0.743600
187	0.223400
188	0.871700
