1	0.078900
2	0.076200
3	0.054400
4	0.054400
5	0.269300
6	0.185000
7	0.258400
8	0.051700
9	0.062600
10	0.272000
11	0.168600
12	0.195800
13	0.848600
14	1.211000
15	0.182200
16	0.068000
17	0.212100
18	0.078900
19	0.081600
20	0.231200
21	0.070700
22	0.130600
23	0.350900
24	0.315500
25	0.108800
26	1.211000
27	1.109700
28	0.345400
29	1.211000
30	1.211000
31	0.100600
32	0.046200
33	0.255700
34	0.059800
35	0.097900
36	0.274700
37	0.051700
38	0.296500
39	0.459700
40	0.609200
41	0.903000
42	0.084300
43	0.840400
44	0.228500
45	0.220300
46	0.454200
47	0.106100
48	0.065300
49	0.179500
50	0.329100
51	0.435200
52	0.693600
53	0.391700
54	0.756100
55	0.125100
56	0.097900
57	0.291000
58	0.380800
59	0.070700
60	0.114200
61	0.233900
62	0.179500
63	0.388900
64	0.108800
65	0.296500
66	0.293700
67	0.508600
68	0.310100
69	0.856800
70	1.047100
71	0.261100
72	0.157800
73	0.160500
74	0.155000
75	0.204000
76	0.233900
77	0.144200
78	0.187700
79	1.211000
80	1.211000
81	0.209400
82	1.211000
83	0.174100
84	0.767000
85	0.236600
86	0.331800
87	0.220300
88	0.076200
89	0.176800
90	1.211000
91	1.211000
92	0.949200
93	0.345400
94	0.331800
95	0.250200
96	0.255700
97	0.307300
98	0.258400
99	0.277400
100	0.084300
101	0.380800
102	1.211000
103	1.036300
104	0.263800
105	0.326400
106	0.981900
107	0.138700
108	0.930200
109	0.845900
110	1.211000
111	0.155000
112	0.690800
113	0.568400
114	0.187700
115	0.410700
116	1.211000
117	0.919300
118	1.211000
119	0.168600
120	0.304600
121	0.195800
122	0.239300
123	0.244800
124	0.081600
125	0.214900
126	0.310100
127	0.233900
128	0.397100
129	1.211000
130	0.141400
131	0.111500
132	1.052600
133	0.429700
134	0.152300
135	0.119700
136	0.190400
137	0.076200
138	0.272000
139	0.095200
140	0.106100
141	0.288300
142	0.429700
143	0.897600
144	0.106100
145	0.296500
146	1.025400
147	1.211000
148	0.505900
149	0.845900
150	0.301900
151	0.228500
152	0.405300
153	0.359000
154	0.089800
155	0.255700
156	0.117000
157	0.149600
158	0.413400
159	0.568400
160	0.794200
161	1.049900
162	0.391700
163	0.337300
164	0.533100
165	0.965500
166	0.331800
167	1.183100
168	1.019900
169	0.391700
170	0.000000
171	1.211000
172	0.000000
173	0.138700
174	0.114200
175	1.211000
176	0.337300
177	0.505900
178	0.231200
179	0.410700
180	0.331800
181	0.563000
182	0.228500
183	0.875800
184	1.066200
185	0.410700
186	0.767000
187	0.277400
188	0.987300
