1	0.133200
2	0.123200
3	0.083200
4	0.073200
5	0.279600
6	0.163100
7	0.316200
8	0.083200
9	0.089900
10	0.362800
11	0.179800
12	0.306200
13	1.045200
14	1.186700
15	0.259600
16	0.073200
17	0.229700
18	0.099900
19	0.063200
20	0.213000
21	0.083200
22	0.169800
23	0.449400
24	0.409400
25	0.103200
26	1.186700
27	1.186700
28	0.459400
29	1.186700
30	1.186700
31	0.089900
32	0.066600
33	0.206400
34	0.066600
35	0.106500
36	0.296300
37	0.096500
38	0.342900
39	0.519300
40	0.745600
41	0.862100
42	0.106500
43	0.572500
44	0.179800
45	0.176400
46	0.645800
47	0.106500
48	0.043300
49	0.342900
50	0.419400
51	0.399500
52	0.855500
53	0.359500
54	0.815500
55	0.176400
56	0.179800
57	0.362800
58	0.436100
59	0.083200
60	0.123200
61	0.223000
62	0.209700
63	0.452700
64	0.103200
65	0.406100
66	0.309600
67	0.516000
68	0.362800
69	1.028600
70	1.011900
71	0.296300
72	0.179800
73	0.219700
74	0.186400
75	0.193100
76	0.249700
77	0.183100
78	0.199700
79	1.186700
80	1.186700
81	0.206400
82	1.186700
83	0.292900
84	0.739000
85	0.266300
86	0.329500
87	0.239700
88	0.123200
89	0.153100
90	1.185000
91	1.186700
92	1.185000
93	0.389500
94	0.269600
95	0.266300
96	0.256300
97	0.396100
98	0.209700
99	0.259600
100	0.109800
101	0.379500
102	1.186700
103	0.982000
104	0.282900
105	0.496000
106	1.011900
107	0.189700
108	0.895400
109	0.798900
110	1.186700
111	0.159800
112	0.689100
113	0.486000
114	0.196400
115	0.486000
116	1.186700
117	1.018600
118	1.186700
119	0.196400
120	0.436100
121	0.203100
122	0.239700
123	0.239700
124	0.113200
125	0.312900
126	0.292900
127	0.263000
128	0.575900
129	1.186700
130	0.163100
131	0.129800
132	1.125100
133	0.486000
134	0.183100
135	0.153100
136	0.206400
137	0.083200
138	0.302900
139	0.106500
140	0.106500
141	0.296300
142	0.389500
143	0.848800
144	0.119800
145	0.396100
146	1.186700
147	1.078500
148	0.422800
149	0.932100
150	0.329500
151	0.176400
152	0.336200
153	0.392800
154	0.073200
155	0.312900
156	0.113200
157	0.123200
158	0.392800
159	0.565900
160	0.555900
161	0.932100
162	0.439400
163	0.312900
164	0.462700
165	0.715700
166	0.382800
167	1.186700
168	0.915400
169	0.319600
170	0.336200
171	0.492700
172	0.362800
173	0.243000
174	0.253000
175	1.186700
176	0.000000
177	1.186700
178	0.000000
179	0.226400
180	0.236300
181	1.186700
182	0.466000
183	0.735700
184	1.186700
185	0.279600
186	0.602500
187	0.356200
188	0.935400
