1	0.094900
2	0.105100
3	0.056400
4	0.064100
5	0.261600
6	0.128200
7	0.302600
8	0.051300
9	0.066700
10	0.287200
11	0.128200
12	0.135900
13	0.877100
14	1.251800
15	0.194900
16	0.059000
17	0.174400
18	0.084600
19	0.071800
20	0.179500
21	0.043600
22	0.112800
23	0.312900
24	0.261600
25	0.112800
26	1.251800
27	0.992500
28	0.315400
29	1.251800
30	1.251800
31	0.056400
32	0.041000
33	0.169300
34	0.038500
35	0.092300
36	0.284700
37	0.066700
38	0.287200
39	0.453900
40	0.602700
41	0.907800
42	0.076900
43	0.551400
44	0.133400
45	0.143600
46	0.474400
47	0.071800
48	0.053900
49	0.251300
50	0.335900
51	0.418000
52	0.756500
53	0.369300
54	0.830900
55	0.135900
56	0.130800
57	0.323100
58	0.433400
59	0.056400
60	0.082100
61	0.215400
62	0.161600
63	0.361600
64	0.092300
65	0.277000
66	0.264100
67	0.484700
68	0.274400
69	0.884700
70	0.971900
71	0.210300
72	0.138500
73	0.161600
74	0.123100
75	0.159000
76	0.161600
77	0.141000
78	0.146200
79	1.251800
80	1.251800
81	0.161600
82	1.082200
83	0.169300
84	0.700100
85	0.215400
86	0.246200
87	0.215400
88	0.079500
89	0.148700
90	1.246300
91	1.251800
92	1.164300
93	0.284700
94	0.271800
95	0.256400
96	0.235900
97	0.302600
98	0.225700
99	0.264100
100	0.097500
101	0.338500
102	1.251800
103	1.197600
104	0.205200
105	0.351300
106	1.066800
107	0.141000
108	0.828300
109	0.692400
110	1.251800
111	0.171800
112	0.579600
113	0.620600
114	0.184600
115	0.364200
116	1.251800
117	0.877100
118	1.251800
119	0.164100
120	0.305200
121	0.184600
122	0.197500
123	0.205200
124	0.094900
125	0.233400
126	0.492400
127	0.389800
128	0.389800
129	1.251800
130	0.105100
131	0.107700
132	1.002700
133	0.348800
134	0.148700
135	0.123100
136	0.182100
137	0.084600
138	0.261600
139	0.076900
140	0.066700
141	0.259000
142	0.461600
143	0.938600
144	0.118000
145	0.307700
146	0.943700
147	1.133500
148	0.394900
149	0.787300
150	0.305200
151	0.146200
152	0.235900
153	0.338500
154	0.053900
155	0.200000
156	0.082100
157	0.092300
158	0.482100
159	0.641100
160	0.859100
161	1.251800
162	0.361600
163	0.259000
164	0.528300
165	0.854000
166	0.238500
167	1.251800
168	1.251800
169	0.264100
170	0.253900
171	0.310300
172	0.310300
173	0.202600
174	0.174400
175	1.251800
176	0.243600
177	0.379500
178	0.205200
179	0.387200
180	0.484700
181	0.779600
182	0.851400
183	0.000000
184	1.251800
185	0.000000
186	1.251800
187	0.312900
188	1.251800
