1	0.105500
2	0.100300
3	0.048900
4	0.066900
5	0.246900
6	0.141500
7	0.290700
8	0.033400
9	0.059200
10	0.275200
11	0.144000
12	0.162000
13	0.869400
14	1.185100
15	0.177500
16	0.048900
17	0.156900
18	0.100300
19	0.064300
20	0.195500
21	0.056600
22	0.100300
23	0.337000
24	0.259800
25	0.095200
26	1.185100
27	1.010900
28	0.300900
29	1.185100
30	1.185100
31	0.066900
32	0.023100
33	0.187800
34	0.030900
35	0.087500
36	0.252100
37	0.064300
38	0.267500
39	0.429600
40	0.607000
41	0.866800
42	0.082300
43	0.537600
44	0.133800
45	0.138900
46	0.478400
47	0.064300
48	0.054000
49	0.277800
50	0.388400
51	0.419300
52	0.686800
53	0.339500
54	0.740800
55	0.136300
56	0.113200
57	0.337000
58	0.388400
59	0.082300
60	0.077200
61	0.198100
62	0.151800
63	0.373000
64	0.118300
65	0.300900
66	0.267500
67	0.475900
68	0.313800
69	0.864200
70	0.949100
71	0.254600
72	0.131200
73	0.146600
74	0.118300
75	0.141500
76	0.174900
77	0.151800
78	0.185200
79	1.185100
80	1.185100
81	0.164600
82	1.131800
83	0.200600
84	0.668800
85	0.195500
86	0.298400
87	0.174900
88	0.079700
89	0.167200
90	1.185100
91	1.185100
92	1.108600
93	0.324100
94	0.241800
95	0.231500
96	0.262400
97	0.306100
98	0.216100
99	0.244400
100	0.108000
101	0.370400
102	1.185100
103	1.106000
104	0.241800
105	0.357500
106	0.985100
107	0.159500
108	0.854000
109	0.704800
110	1.185100
111	0.185200
112	0.565900
113	0.568400
114	0.172300
115	0.416700
116	1.185100
117	0.848800
118	1.185100
119	0.138900
120	0.347200
121	0.208300
122	0.162000
123	0.198100
124	0.090000
125	0.257200
126	0.367800
127	0.331800
128	0.373000
129	1.185100
130	0.120900
131	0.113200
132	1.010900
133	0.388400
134	0.159500
135	0.115700
136	0.208300
137	0.092600
138	0.244400
139	0.084900
140	0.069400
141	0.275200
142	0.434700
143	0.941400
144	0.120900
145	0.365200
146	1.054600
147	1.031400
148	0.396100
149	0.792200
150	0.295800
151	0.133800
152	0.244400
153	0.357500
154	0.072000
155	0.200600
156	0.090000
157	0.100300
158	0.475900
159	0.558200
160	0.799900
161	1.144600
162	0.401300
163	0.264900
164	0.545300
165	0.820500
166	0.241800
167	1.185100
168	1.106000
169	0.298400
170	0.267500
171	0.383300
172	0.300900
173	0.244400
174	0.154300
175	1.185100
176	0.288100
177	0.370400
178	0.187800
179	0.298400
180	0.365200
181	0.617300
182	0.324100
183	0.928600
184	1.185100
185	0.496400
186	1.036600
187	0.000000
188	1.185100
