1	0.090900
2	0.113600
3	0.059700
4	0.079500
5	0.281300
6	0.147700
7	0.295500
8	0.048300
9	0.071000
10	0.278400
11	0.156200
12	0.184700
13	0.752800
14	1.297200
15	0.241500
16	0.085200
17	0.215900
18	0.079500
19	0.065300
20	0.190300
21	0.039800
22	0.085200
23	0.278400
24	0.306800
25	0.113600
26	1.297200
27	1.297200
28	0.000000
29	1.297200
30	0.000000
31	0.068200
32	0.028400
33	0.130700
34	0.039800
35	0.093800
36	0.159100
37	0.059700
38	0.335200
39	0.517000
40	0.724400
41	1.297200
42	0.088100
43	0.724400
44	0.170500
45	0.147700
46	0.548300
47	0.079500
48	0.048300
49	0.343700
50	0.505700
51	0.582400
52	0.937500
53	0.463100
54	1.036900
55	0.218800
56	0.167600
57	0.474400
58	0.625000
59	0.062500
60	0.099400
61	0.275600
62	0.181800
63	0.403400
64	0.139200
65	0.304000
66	0.369300
67	0.744300
68	0.451700
69	1.193200
70	1.297200
71	0.366500
72	0.201700
73	0.207400
74	0.136400
75	0.193200
76	0.210200
77	0.179000
78	0.190300
79	1.297200
80	1.297200
81	0.218800
82	1.297200
83	0.218800
84	0.934700
85	0.323900
86	0.477300
87	0.275600
88	0.105100
89	0.210200
90	1.297200
91	1.297200
92	1.297200
93	0.352300
94	0.380700
95	0.306800
96	0.315300
97	0.346600
98	0.289800
99	0.369300
100	0.108000
101	0.448900
102	1.297200
103	1.297200
104	0.272700
105	0.446000
106	1.297200
107	0.167600
108	1.076700
109	0.931800
110	1.297200
111	0.196000
112	0.670500
113	0.696000
114	0.204500
115	0.434700
116	1.297200
117	1.019900
118	1.297200
119	0.176100
120	0.420500
121	0.196000
122	0.215900
123	0.204500
124	0.093800
125	0.269900
126	0.400600
127	0.281300
128	0.429000
129	1.297200
130	0.125000
131	0.105100
132	1.085200
133	0.440300
134	0.156200
135	0.127800
136	0.227300
137	0.108000
138	0.309700
139	0.099400
140	0.079500
141	0.255700
142	0.485800
143	1.079500
144	0.122200
145	0.363600
146	1.170500
147	1.297200
148	0.443200
149	0.823900
150	0.306800
151	0.142000
152	0.255700
153	0.389200
154	0.076700
155	0.215900
156	0.088100
157	0.085200
158	0.440300
159	0.522700
160	0.761400
161	1.082400
162	0.414800
163	0.278400
164	0.488600
165	0.860800
166	0.261400
167	1.297200
168	1.252800
169	0.278400
170	0.215900
171	0.267000
172	0.286900
173	0.213100
174	0.147700
175	1.297200
176	0.250000
177	0.284100
178	0.127800
179	0.153400
180	0.150600
181	0.443200
182	0.210200
183	0.858000
184	0.894900
185	0.264200
186	0.608000
187	0.218800
188	0.687500
