1	0.056900
2	0.075800
3	0.056900
4	0.056900
5	0.425100
6	0.154300
7	0.211200
8	0.116400
9	0.075800
10	0.308600
11	0.192200
12	0.116400
13	0.636200
14	0.982800
15	0.270700
16	0.056900
17	0.308600
18	0.308600
19	0.270700
20	0.598300
21	0.116400
22	0.192200
23	0.365500
24	0.500900
25	0.154300
26	1.243100
27	0.828500
28	0.403400
29	1.020700
30	1.243100
31	0.000000
32	1.243100
33	0.000000
34	0.211200
35	0.982800
36	1.243100
37	0.154300
38	0.403400
39	1.243100
40	1.137100
41	1.243100
42	0.135400
43	0.907000
44	0.154300
45	0.289700
46	0.598300
47	0.075800
48	0.056900
49	0.173300
50	0.403400
51	0.481900
52	0.712100
53	0.384500
54	0.712100
55	0.135400
56	0.211200
57	0.519800
58	0.579400
59	0.211200
60	0.135400
61	0.403400
62	0.173300
63	0.519800
64	0.211200
65	0.270700
66	0.425100
67	0.481900
68	0.403400
69	0.771600
70	1.099200
71	0.192200
72	0.192200
73	0.192200
74	0.154300
75	0.154300
76	0.192200
77	0.154300
78	0.154300
79	1.243100
80	1.243100
81	0.135400
82	1.243100
83	0.173300
84	0.752700
85	0.270700
86	0.154300
87	0.230100
88	0.116400
89	0.270700
90	1.080300
91	1.243100
92	1.080300
93	0.384500
94	0.270700
95	0.230100
96	0.289700
97	0.425100
98	0.289700
99	0.211200
100	0.154300
101	0.463000
102	1.212900
103	0.847400
104	0.211200
105	0.500900
106	1.156100
107	0.173300
108	0.752700
109	0.636200
110	1.243100
111	0.192200
112	0.538800
113	0.384500
114	0.116400
115	0.425100
116	1.243100
117	1.001800
118	1.243100
119	0.251800
120	0.463000
121	0.230100
122	0.289700
123	0.154300
124	0.192200
125	0.173300
126	0.519800
127	0.135400
128	0.251800
129	1.243100
130	0.116400
131	0.075800
132	1.243100
133	0.365500
134	0.135400
135	0.097500
136	0.154300
137	0.019000
138	0.270700
139	0.135400
140	0.075800
141	0.270700
142	0.557700
143	0.944900
144	0.097500
145	0.365500
146	1.243100
147	0.712100
148	0.289700
149	0.982800
150	0.289700
151	0.116400
152	0.154300
153	0.384500
154	0.019000
155	0.289700
156	0.075800
157	0.019000
158	0.519800
159	0.463000
160	0.579400
161	0.828500
162	0.346600
163	0.173300
164	0.365500
165	0.693100
166	0.308600
167	1.243100
168	0.771600
169	0.327600
170	0.192200
171	0.289700
172	0.308600
173	0.135400
174	0.037900
175	1.243100
176	0.192200
177	0.444000
178	0.192200
179	0.230100
180	0.192200
181	0.463000
182	0.327600
183	0.598300
184	0.907000
185	0.251800
186	0.384500
187	0.251800
188	0.403400
