1	0.085600
2	0.085600
3	0.051300
4	0.071300
5	0.333800
6	0.145500
7	0.305200
8	0.059900
9	0.071300
10	0.339500
11	0.122700
12	0.154000
13	0.958500
14	1.182100
15	0.262400
16	0.071300
17	0.199700
18	0.068500
19	0.074200
20	0.208200
21	0.077000
22	0.099800
23	0.376500
24	0.342300
25	0.125500
26	1.182100
27	1.126800
28	0.348000
29	1.182100
30	1.182100
31	0.099800
32	0.045600
33	0.202500
34	0.077000
35	0.108400
36	0.365100
37	0.074200
38	0.370800
39	0.507800
40	0.641800
41	0.835800
42	0.122700
43	0.835800
44	0.253900
45	0.000000
46	1.182100
47	0.000000
48	0.059900
49	0.268100
50	0.296700
51	0.567700
52	1.058300
53	0.524900
54	1.146800
55	0.194000
56	0.228200
57	0.436500
58	0.527700
59	0.065600
60	0.097000
61	0.276700
62	0.182600
63	0.590500
64	0.154000
65	0.453600
66	0.342300
67	0.550600
68	0.479200
69	1.169600
70	1.064000
71	0.282400
72	0.279600
73	0.168300
74	0.159700
75	0.208200
76	0.176900
77	0.208200
78	0.236800
79	1.182100
80	1.182100
81	0.225400
82	1.182100
83	0.199700
84	0.764500
85	0.211100
86	0.310900
87	0.239600
88	0.091300
89	0.168300
90	1.182100
91	1.182100
92	1.178100
93	0.342300
94	0.299500
95	0.233900
96	0.288100
97	0.345200
98	0.245300
99	0.296700
100	0.114100
101	0.410800
102	1.182100
103	1.095400
104	0.245300
105	0.376500
106	0.961300
107	0.182600
108	0.861500
109	0.736000
110	1.182100
111	0.191100
112	0.601900
113	0.544800
114	0.194000
115	0.410800
116	1.182100
117	0.958500
118	1.182100
119	0.174000
120	0.402200
121	0.208200
122	0.205400
123	0.171200
124	0.102700
125	0.293800
126	0.385100
127	0.225400
128	0.479200
129	1.182100
130	0.136900
131	0.119800
132	1.015500
133	0.430700
134	0.165500
135	0.122700
136	0.202500
137	0.128400
138	0.259600
139	0.099800
140	0.059900
141	0.216800
142	0.445000
143	0.870000
144	0.128400
145	0.365100
146	1.182100
147	1.007000
148	0.370800
149	0.764500
150	0.279600
151	0.151200
152	0.279600
153	0.450700
154	0.079900
155	0.222500
156	0.085600
157	0.088400
158	0.490600
159	0.433600
160	0.653200
161	0.847200
162	0.353700
163	0.256700
164	0.422200
165	0.693200
166	0.236800
167	1.182100
168	1.009800
169	0.253900
170	0.233900
171	0.222500
172	0.268100
173	0.208200
174	0.151200
175	1.182100
176	0.236800
177	0.325200
178	0.119800
179	0.159700
180	0.151200
181	0.390800
182	0.196800
183	0.721700
184	0.798700
185	0.205400
186	0.484900
187	0.208200
188	0.610500
