1	0.136900
2	0.146200
3	0.074700
4	0.090200
5	0.336000
6	0.202200
7	0.373400
8	0.056000
9	0.071600
10	0.401400
11	0.264500
12	0.199100
13	0.970700
14	1.289600
15	0.220900
16	0.056000
17	0.192900
18	0.084000
19	0.093300
20	0.292500
21	0.028000
22	0.146200
23	0.392000
24	0.413800
25	0.112000
26	1.289600
27	1.213400
28	0.401400
29	1.289600
30	1.289600
31	0.118200
32	0.043600
33	0.189800
34	0.024900
35	0.152500
36	0.336000
37	0.108900
38	0.426200
39	0.541400
40	0.678300
41	0.976900
42	0.108900
43	0.668900
44	0.264500
45	0.264500
46	0.591100
47	0.099600
48	0.102700
49	0.345400
50	0.385800
51	0.463600
52	0.877400
53	0.485400
54	0.846300
55	0.255100
56	0.161800
57	0.444900
58	0.482200
59	0.093300
60	0.136900
61	0.000000
62	1.289600
63	0.000000
64	0.056000
65	0.420000
66	0.410700
67	0.821400
68	0.749800
69	1.289600
70	1.213400
71	0.339100
72	0.329800
73	0.192900
74	0.202200
75	0.311100
76	0.298700
77	0.248900
78	0.413800
79	1.289600
80	1.289600
81	0.171100
82	1.289600
83	0.320500
84	0.877400
85	0.236500
86	0.311100
87	0.267600
88	0.102700
89	0.211600
90	1.289600
91	1.289600
92	1.289600
93	0.382700
94	0.292500
95	0.199100
96	0.267600
97	0.404500
98	0.230200
99	0.298700
100	0.108900
101	0.376500
102	1.289600
103	1.204100
104	0.217800
105	0.494700
106	0.961400
107	0.217800
108	0.948900
109	0.796500
110	1.289600
111	0.220900
112	0.737400
113	0.609800
114	0.245800
115	0.466700
116	1.289600
117	0.911600
118	1.289600
119	0.239600
120	0.482200
121	0.217800
122	0.283100
123	0.230200
124	0.112000
125	0.258200
126	0.320500
127	0.273800
128	0.463600
129	1.289600
130	0.143100
131	0.155600
132	1.067200
133	0.472900
134	0.199100
135	0.161800
136	0.192900
137	0.093300
138	0.298700
139	0.102700
140	0.112000
141	0.258200
142	0.429400
143	0.796500
144	0.118200
145	0.413800
146	1.289600
147	1.067200
148	0.410700
149	0.883600
150	0.376500
151	0.164900
152	0.267600
153	0.385800
154	0.093300
155	0.248900
156	0.118200
157	0.112000
158	0.510200
159	0.382700
160	0.746700
161	0.896000
162	0.444900
163	0.273800
164	0.494700
165	0.892900
166	0.230200
167	1.289600
168	1.169800
169	0.339100
170	0.245800
171	0.283100
172	0.336000
173	0.152500
174	0.143100
175	1.289600
176	0.258200
177	0.339100
178	0.118200
179	0.161800
180	0.211600
181	0.485400
182	0.236500
183	0.793400
184	0.868000
185	0.311100
186	0.612900
187	0.208500
188	0.619100
