1	0.094600
2	0.143400
3	0.051900
4	0.088500
5	0.326500
6	0.152500
7	0.326500
8	0.048800
9	0.106800
10	0.387500
11	0.177000
12	0.183100
13	1.006800
14	1.201700
15	0.225800
16	0.079300
17	0.204400
18	0.082400
19	0.070200
20	0.216600
21	0.064100
22	0.143400
23	0.396600
24	0.344800
25	0.109800
26	1.201700
27	1.153300
28	0.399700
29	1.201700
30	1.201700
31	0.073200
32	0.054900
33	0.204400
34	0.027500
35	0.094600
36	0.271500
37	0.064100
38	0.338700
39	0.476000
40	0.659000
41	0.854300
42	0.082400
43	0.591900
44	0.170900
45	0.186100
46	0.814600
47	0.042700
48	0.048800
49	0.283700
50	0.244100
51	0.421000
52	0.646800
53	0.320400
54	0.646800
55	0.183100
56	0.170900
57	0.372200
58	0.414900
59	0.433200
60	0.167800
61	0.466800
62	0.000000
63	1.201700
64	0.000000
65	1.201700
66	0.579700
67	0.573600
68	0.302000
69	1.201700
70	1.101400
71	0.332600
72	0.286800
73	0.164800
74	0.204400
75	0.216600
76	0.234900
77	0.210500
78	0.213600
79	1.201700
80	1.201700
81	0.158700
82	1.201700
83	0.213600
84	0.875600
85	0.225800
86	0.320400
87	0.204400
88	0.070200
89	0.167800
90	1.192900
91	1.201700
92	1.089200
93	0.375300
94	0.271500
95	0.213600
96	0.292900
97	0.323400
98	0.234900
99	0.271500
100	0.100700
101	0.353900
102	1.201700
103	1.061700
104	0.271500
105	0.433200
106	0.948900
107	0.167800
108	0.915300
109	0.750500
110	1.201700
111	0.198300
112	0.561400
113	0.488200
114	0.164800
115	0.411900
116	1.201700
117	1.107500
118	1.201700
119	0.158700
120	0.411900
121	0.228800
122	0.189200
123	0.186100
124	0.097600
125	0.216600
126	0.353900
127	0.201400
128	0.451500
129	1.201700
130	0.140300
131	0.112900
132	1.107500
133	0.485100
134	0.228800
135	0.128100
136	0.198300
137	0.106800
138	0.268500
139	0.152500
140	0.088500
141	0.238000
142	0.390500
143	0.817700
144	0.119000
145	0.445400
146	1.201700
147	1.003800
148	0.390500
149	0.799400
150	0.308100
151	0.192200
152	0.234900
153	0.414900
154	0.076300
155	0.253200
156	0.082400
157	0.097600
158	0.424100
159	0.472900
160	0.601000
161	0.860400
162	0.360000
163	0.289800
164	0.485100
165	0.665100
166	0.259300
167	1.201700
168	1.058700
169	0.259300
170	0.228800
171	0.265400
172	0.283700
173	0.192200
174	0.119000
175	1.201700
176	0.265400
177	0.314200
178	0.161700
179	0.155600
180	0.161700
181	0.445400
182	0.198300
183	0.768800
184	0.845100
185	0.192200
186	0.515600
187	0.231900
188	0.652900
