1	0.110300
2	0.128700
3	0.052100
4	0.058200
5	0.309500
6	0.196100
7	0.318700
8	0.076600
9	0.119500
10	0.318700
11	0.180800
12	0.153200
13	1.094100
14	1.305200
15	0.266600
16	0.079700
17	0.220700
18	0.073600
19	0.091900
20	0.229900
21	0.055200
22	0.153200
23	0.389200
24	0.361600
25	0.153200
26	1.305200
27	1.305200
28	0.380000
29	1.305200
30	1.305200
31	0.076600
32	0.033700
33	0.251300
34	0.058200
35	0.122600
36	0.358600
37	0.125700
38	0.401500
39	0.521000
40	0.760100
41	0.956200
42	0.076600
43	0.729400
44	0.205300
45	0.186900
46	0.619100
47	0.091900
48	0.067400
49	0.373900
50	0.435200
51	0.490400
52	0.818300
53	0.432100
54	0.864300
55	0.174700
56	0.159400
57	0.340200
58	0.490400
59	0.085800
60	0.107300
61	0.358600
62	0.232900
63	0.527100
64	0.257400
65	0.426000
66	0.478100
67	0.527100
68	0.616000
69	0.799900
70	0.000000
71	1.305200
72	0.000000
73	0.567000
74	0.300300
75	0.358600
76	0.248200
77	0.251300
78	0.165500
79	1.305200
80	1.305200
81	0.165500
82	1.305200
83	0.245200
84	1.115600
85	0.514900
86	0.729400
87	0.226800
88	0.042900
89	0.236000
90	1.305200
91	1.305200
92	1.305200
93	0.370800
94	0.478100
95	0.361600
96	0.334100
97	0.410700
98	0.337100
99	0.419900
100	0.088900
101	0.493400
102	1.305200
103	1.305200
104	0.257400
105	0.502600
106	1.305200
107	0.186900
108	1.133900
109	0.922500
110	1.305200
111	0.223700
112	0.769200
113	0.668100
114	0.147100
115	0.481200
116	1.305200
117	0.943900
118	1.305200
119	0.165500
120	0.426000
121	0.229900
122	0.245200
123	0.150200
124	0.079700
125	0.288100
126	0.334100
127	0.226800
128	0.490400
129	1.305200
130	0.168600
131	0.125700
132	1.045100
133	0.502600
134	0.162400
135	0.141000
136	0.186900
137	0.131800
138	0.324900
139	0.101100
140	0.088900
141	0.315700
142	0.496500
143	0.858100
144	0.137900
145	0.370800
146	1.284100
147	1.207500
148	0.475000
149	0.916400
150	0.334100
151	0.147100
152	0.300300
153	0.416800
154	0.061300
155	0.186900
156	0.104200
157	0.070500
158	0.493400
159	0.521000
160	0.646700
161	0.956200
162	0.364700
163	0.297300
164	0.435200
165	0.821300
166	0.254400
167	1.305200
168	1.210600
169	0.327900
170	0.205300
171	0.278900
172	0.275800
173	0.232900
174	0.177800
175	1.305200
176	0.288100
177	0.327900
178	0.091900
179	0.174700
180	0.190000
181	0.533300
182	0.202300
183	0.852000
184	0.772300
185	0.272800
186	0.536300
187	0.211500
188	0.704900
