1	0.079500
2	0.087800
3	0.060300
4	0.052100
5	0.282500
6	0.161800
7	0.241400
8	0.052100
9	0.065800
10	0.370300
11	0.189300
12	0.156300
13	0.855800
14	1.347100
15	0.257800
16	0.052100
17	0.213900
18	0.082300
19	0.060300
20	0.189300
21	0.074100
22	0.101500
23	0.364800
24	0.301700
25	0.148100
26	1.347100
27	1.138300
28	0.318200
29	1.347100
30	1.347100
31	0.109700
32	0.046600
33	0.167300
34	0.052100
35	0.128900
36	0.288000
37	0.060300
38	0.389500
39	0.449800
40	0.633600
41	0.891400
42	0.060300
43	0.614400
44	0.167300
45	0.183800
46	0.877700
47	0.120700
48	0.068600
49	0.323700
50	0.331900
51	0.345600
52	0.688400
53	0.309900
54	0.828300
55	0.134400
56	0.183800
57	0.416900
58	0.444300
59	0.093300
60	0.120700
61	0.304500
62	0.323700
63	0.652800
64	0.449800
65	0.888700
66	0.504700
67	0.699400
68	1.017600
69	0.688400
70	0.776200
71	0.000000
72	1.347100
73	0.000000
74	1.347100
75	0.532100
76	0.614400
77	0.216700
78	0.458100
79	1.347100
80	1.347100
81	0.331900
82	1.347100
83	0.203000
84	0.995600
85	0.416900
86	0.633600
87	0.277000
88	0.126200
89	0.183800
90	1.347100
91	1.347100
92	1.286400
93	0.397700
94	0.458100
95	0.315400
96	0.304500
97	0.331900
98	0.331900
99	0.318200
100	0.096000
101	0.444300
102	1.347100
103	1.067000
104	0.227700
105	0.392200
106	1.064200
107	0.189300
108	0.965500
109	0.754300
110	1.347100
111	0.128900
112	0.628100
113	0.463500
114	0.200200
115	0.491000
116	1.347100
117	0.943500
118	1.347100
119	0.244100
120	0.389500
121	0.183800
122	0.213900
123	0.227700
124	0.079500
125	0.230400
126	0.241400
127	0.222200
128	0.405900
129	1.347100
130	0.139900
131	0.107000
132	0.949000
133	0.318200
134	0.175500
135	0.087800
136	0.161800
137	0.120700
138	0.282500
139	0.115200
140	0.060300
141	0.244100
142	0.384000
143	0.762500
144	0.096000
145	0.331900
146	1.113600
147	1.023100
148	0.318200
149	0.776200
150	0.345600
151	0.170100
152	0.244100
153	0.397700
154	0.093300
155	0.213900
156	0.074100
157	0.087800
158	0.430600
159	0.362100
160	0.625400
161	0.938000
162	0.389500
163	0.244100
164	0.463500
165	0.680200
166	0.227700
167	1.347100
168	0.984700
169	0.244100
170	0.189300
171	0.244100
172	0.249600
173	0.170100
174	0.153600
175	1.347100
176	0.200200
177	0.288000
178	0.107000
179	0.148100
180	0.148100
181	0.433400
182	0.183800
183	0.762500
184	0.740600
185	0.156300
186	0.504700
187	0.222200
188	0.526600
