1	0.095100
2	0.118900
3	0.068400
4	0.074300
5	0.240800
6	0.220000
7	0.315100
8	0.065400
9	0.077300
10	0.338900
11	0.196200
12	0.205100
13	0.960300
14	1.298100
15	0.211100
16	0.086200
17	0.202200
18	0.101100
19	0.059500
20	0.228900
21	0.044600
22	0.142700
23	0.341900
24	0.338900
25	0.092200
26	1.298100
27	1.192200
28	0.383500
29	1.298100
30	1.298100
31	0.050500
32	0.035700
33	0.193200
34	0.065400
35	0.083200
36	0.324100
37	0.124900
38	0.392400
39	0.508400
40	0.677900
41	0.877100
42	0.136800
43	0.627300
44	0.181400
45	0.154600
46	0.648100
47	0.124900
48	0.053500
49	0.312200
50	0.380600
51	0.466800
52	0.835400
53	0.448900
54	0.891900
55	0.223000
56	0.136800
57	0.410300
58	0.469700
59	0.086200
60	0.136800
61	0.282400
62	0.300300
63	0.484600
64	0.151600
65	0.374600
66	0.365700
67	0.561900
68	0.630300
69	0.972200
70	1.004900
71	0.508400
72	0.526200
73	0.499500
74	0.000000
75	1.298100
76	0.000000
77	0.698700
78	0.359700
79	1.298100
80	1.298100
81	0.169500
82	1.298100
83	0.279500
84	0.773000
85	0.282400
86	0.365700
87	0.220000
88	0.092200
89	0.193200
90	1.298100
91	1.298100
92	1.082200
93	0.419200
94	0.291400
95	0.223000
96	0.246800
97	0.398400
98	0.205100
99	0.246800
100	0.095100
101	0.401400
102	1.298100
103	1.073300
104	0.330000
105	0.410300
106	1.070300
107	0.202200
108	0.933500
109	0.799800
110	1.298100
111	0.202200
112	0.722500
113	0.457900
114	0.178400
115	0.517300
116	1.298100
117	0.984100
118	1.298100
119	0.202200
120	0.341900
121	0.211100
122	0.282400
123	0.196200
124	0.110000
125	0.252700
126	0.279500
127	0.240800
128	0.383500
129	1.298100
130	0.136800
131	0.214100
132	1.159500
133	0.448900
134	0.172400
135	0.092200
136	0.270500
137	0.118900
138	0.223000
139	0.118900
140	0.074300
141	0.261600
142	0.419200
143	0.793800
144	0.101100
145	0.392400
146	1.298100
147	1.165400
148	0.401400
149	0.868100
150	0.264600
151	0.142700
152	0.291400
153	0.425100
154	0.026800
155	0.282400
156	0.086200
157	0.095100
158	0.419200
159	0.475700
160	0.698700
161	0.891900
162	0.341900
163	0.255700
164	0.401400
165	0.695700
166	0.246800
167	1.298100
168	1.037600
169	0.306200
170	0.196200
171	0.312200
172	0.255700
173	0.211100
174	0.181400
175	1.298100
176	0.270500
177	0.300300
178	0.154600
179	0.163500
180	0.136800
181	0.419200
182	0.246800
183	0.737300
184	0.826500
185	0.324100
186	0.558900
187	0.202200
188	0.558900
