1	0.144500
2	0.130000
3	0.083800
4	0.080900
5	0.225400
6	0.210900
7	0.361200
8	0.069300
9	0.080900
10	0.213800
11	0.164700
12	0.210900
13	1.031500
14	1.339200
15	0.245600
16	0.095300
17	0.179100
18	0.104000
19	0.095300
20	0.251400
21	0.049100
22	0.150200
23	0.424700
24	0.340900
25	0.101100
26	1.339200
27	1.155700
28	0.329400
29	1.339200
30	1.339200
31	0.054900
32	0.040400
33	0.251400
34	0.060700
35	0.049100
36	0.309100
37	0.049100
38	0.306300
39	0.410300
40	0.719400
41	0.829200
42	0.109800
43	0.586500
44	0.176200
45	0.190700
46	0.705000
47	0.069300
48	0.066500
49	0.245600
50	0.340900
51	0.436300
52	0.719400
53	0.361200
54	0.806100
55	0.251400
56	0.213800
57	0.418900
58	0.511400
59	0.095300
60	0.130000
61	0.265800
62	0.265800
63	0.514300
64	0.144500
65	0.280300
66	0.401600
67	0.615400
68	0.531600
69	0.910100
70	1.095000
71	0.390000
72	0.234000
73	0.288900
74	0.300500
75	0.765700
76	0.000000
77	1.339200
78	0.000000
79	1.339200
80	1.339200
81	0.288900
82	1.339200
83	0.349600
84	1.017000
85	0.395800
86	0.606700
87	0.306300
88	0.083800
89	0.274500
90	1.339200
91	1.339200
92	1.242400
93	0.430500
94	0.346700
95	0.271600
96	0.239800
97	0.369800
98	0.265800
99	0.309100
100	0.060700
101	0.395800
102	1.271300
103	1.017000
104	0.294700
105	0.456500
106	0.979500
107	0.176200
108	0.915900
109	0.759900
110	1.339200
111	0.210900
112	0.681900
113	0.650100
114	0.199400
115	0.456500
116	1.339200
117	0.866800
118	1.339200
119	0.210900
120	0.320700
121	0.251400
122	0.271600
123	0.254300
124	0.089600
125	0.300500
126	0.355400
127	0.210900
128	0.485400
129	1.339200
130	0.115600
131	0.184900
132	0.904300
133	0.450700
134	0.205100
135	0.101100
136	0.199400
137	0.121300
138	0.326500
139	0.101100
140	0.101100
141	0.251400
142	0.418900
143	0.739600
144	0.130000
145	0.401600
146	1.251000
147	0.985200
148	0.326500
149	0.785900
150	0.326500
151	0.164700
152	0.288900
153	0.326500
154	0.049100
155	0.245600
156	0.095300
157	0.150200
158	0.424700
159	0.595200
160	0.644300
161	0.785900
162	0.369800
163	0.239800
164	0.476700
165	0.655900
166	0.326500
167	1.339200
168	0.910100
169	0.265800
170	0.158900
171	0.239800
172	0.225400
173	0.231100
174	0.104000
175	1.339200
176	0.288900
177	0.314900
178	0.138700
179	0.138700
180	0.121300
181	0.525800
182	0.184900
183	0.731000
184	0.811900
185	0.213800
186	0.444900
187	0.231100
188	0.655900
