1	0.103900
2	0.135700
3	0.063500
4	0.040400
5	0.300200
6	0.202100
7	0.323300
8	0.040400
9	0.098100
10	0.300200
11	0.170300
12	0.129900
13	0.995800
14	1.253100
15	0.176100
16	0.095300
17	0.187600
18	0.095300
19	0.103900
20	0.176100
21	0.054800
22	0.106800
23	0.381000
24	0.378100
25	0.103900
26	1.253100
27	1.253100
28	0.349300
29	1.253100
30	1.253100
31	0.075000
32	0.031800
33	0.207800
34	0.026000
35	0.080800
36	0.323300
37	0.075000
38	0.357900
39	0.470500
40	0.597500
41	0.871700
42	0.034600
43	0.591700
44	0.193400
45	0.187600
46	0.687000
47	0.063500
48	0.086600
49	0.265600
50	0.398300
51	0.438700
52	0.759100
53	0.346400
54	0.969900
55	0.153000
56	0.155900
57	0.372400
58	0.389700
59	0.049100
60	0.106800
61	0.216500
62	0.161600
63	0.349300
64	0.121200
65	0.357900
66	0.323300
67	0.689900
68	0.444500
69	0.865900
70	1.247000
71	0.228000
72	0.323300
73	0.196300
74	0.167400
75	0.167400
76	0.193400
77	0.259800
78	0.938100
79	1.253100
80	0.000000
81	1.253100
82	0.000000
83	0.421400
84	0.842800
85	0.629200
86	0.629200
87	0.395400
88	0.225100
89	0.357900
90	1.253100
91	1.253100
92	1.253100
93	0.349300
94	0.363700
95	0.407000
96	0.438700
97	0.539800
98	0.277100
99	0.447400
100	0.121200
101	0.386800
102	1.253100
103	1.197900
104	0.288600
105	0.479200
106	1.171900
107	0.248200
108	1.050700
109	0.687000
110	1.253100
111	0.179000
112	0.713000
113	0.479200
114	0.202100
115	0.407000
116	1.253100
117	0.874600
118	1.253100
119	0.176100
120	0.355000
121	0.282900
122	0.161600
123	0.236700
124	0.066400
125	0.207800
126	0.357900
127	0.256900
128	0.389700
129	1.253100
130	0.112600
131	0.086600
132	1.091100
133	0.378100
134	0.170300
135	0.112600
136	0.196300
137	0.106800
138	0.251100
139	0.127000
140	0.103900
141	0.196300
142	0.467600
143	0.952500
144	0.115500
145	0.372400
146	1.134400
147	1.053600
148	0.444500
149	0.889000
150	0.265600
151	0.129900
152	0.282900
153	0.487800
154	0.075000
155	0.193400
156	0.086600
157	0.072200
158	0.395400
159	0.499400
160	0.600400
161	0.871700
162	0.331900
163	0.210700
164	0.487800
165	0.770700
166	0.326200
167	1.253100
168	0.981400
169	0.259800
170	0.161600
171	0.314600
172	0.259800
173	0.129900
174	0.135700
175	1.253100
176	0.317500
177	0.317500
178	0.138600
179	0.236700
180	0.115500
181	0.421400
182	0.187600
183	0.793800
184	0.831300
185	0.256900
186	0.479200
187	0.225100
188	0.640800
