1	0.150700
2	0.096200
3	0.064100
4	0.080200
5	0.394500
6	0.160300
7	0.336700
8	0.073800
9	0.112200
10	0.362400
11	0.170000
12	0.234100
13	1.058300
14	1.237900
15	0.214900
16	0.086600
17	0.214900
18	0.096200
19	0.057700
20	0.218100
21	0.041700
22	0.137900
23	0.426500
24	0.282200
25	0.150700
26	1.237900
27	1.071100
28	0.352800
29	1.237900
30	1.237900
31	0.073800
32	0.048100
33	0.198800
34	0.057700
35	0.128300
36	0.272600
37	0.080200
38	0.442600
39	0.455400
40	0.776100
41	0.942800
42	0.070600
43	0.583700
44	0.224500
45	0.166800
46	0.663800
47	0.073800
48	0.025700
49	0.279000
50	0.458600
51	0.503500
52	0.920400
53	0.471400
54	0.914000
55	0.202000
56	0.170000
57	0.407300
58	0.490700
59	0.054500
60	0.121900
61	0.246900
62	0.246900
63	0.439400
64	0.118700
65	0.368800
66	0.346300
67	0.622100
68	0.327100
69	1.032600
70	1.237900
71	0.311100
72	0.218100
73	0.192400
74	0.153900
75	0.234100
76	0.202000
77	0.186000
78	0.150700
79	1.237900
80	1.237900
81	0.295000
82	1.237900
83	0.266200
84	0.792100
85	0.336700
86	0.352800
87	0.234100
88	0.118700
89	0.202000
90	1.237900
91	1.237900
92	1.237900
93	0.410500
94	0.423300
95	0.250100
96	0.352800
97	0.407300
98	0.359200
99	0.423300
100	0.105800
101	0.535600
102	1.199400
103	0.817800
104	0.240500
105	0.766500
106	0.000000
107	1.237900
108	0.000000
109	1.237900
110	1.237900
111	0.513100
112	1.237900
113	0.894700
114	0.304700
115	0.561200
116	1.237900
117	1.128800
118	1.237900
119	0.256600
120	0.416900
121	0.320700
122	0.246900
123	0.263000
124	0.105800
125	0.352800
126	0.400900
127	0.314300
128	0.490700
129	1.237900
130	0.176400
131	0.170000
132	1.215400
133	0.465000
134	0.186000
135	0.144300
136	0.250100
137	0.128300
138	0.336700
139	0.073800
140	0.096200
141	0.336700
142	0.474600
143	1.032600
144	0.144300
145	0.432900
146	1.237900
147	1.237900
148	0.416900
149	0.737600
150	0.346300
151	0.192400
152	0.298200
153	0.455400
154	0.089800
155	0.352800
156	0.086600
157	0.118700
158	0.439400
159	0.522700
160	0.721600
161	0.942800
162	0.458600
163	0.320700
164	0.561200
165	0.936400
166	0.311100
167	1.237900
168	1.048700
169	0.330300
170	0.288600
171	0.246900
172	0.343100
173	0.234100
174	0.150700
175	1.237900
176	0.246900
177	0.346300
178	0.170000
179	0.198800
180	0.170000
181	0.439400
182	0.246900
183	0.978100
184	0.865900
185	0.250100
186	0.599700
187	0.246900
188	0.737600
