1	0.088500
2	0.128500
3	0.071400
4	0.088500
5	0.288400
6	0.165600
7	0.314100
8	0.054300
9	0.077100
10	0.365500
11	0.131400
12	0.131400
13	0.933800
14	1.262200
15	0.208500
16	0.062800
17	0.202800
18	0.077100
19	0.068500
20	0.262700
21	0.045700
22	0.131400
23	0.448300
24	0.385500
25	0.137100
26	1.262200
27	1.042300
28	0.314100
29	1.262200
30	1.262200
31	0.094200
32	0.042800
33	0.217000
34	0.034300
35	0.071400
36	0.334100
37	0.105700
38	0.297000
39	0.525400
40	0.682500
41	0.831000
42	0.094200
43	0.576900
44	0.139900
45	0.165600
46	0.548300
47	0.094200
48	0.054300
49	0.305600
50	0.411200
51	0.419800
52	0.891000
53	0.359800
54	0.865300
55	0.151400
56	0.122800
57	0.357000
58	0.394100
59	0.085700
60	0.097100
61	0.211300
62	0.199900
63	0.411200
64	0.139900
65	0.297000
66	0.297000
67	0.448300
68	0.288400
69	0.968100
70	1.262200
71	0.291300
72	0.119900
73	0.165600
74	0.142800
75	0.185600
76	0.208500
77	0.177100
78	0.174200
79	1.262200
80	1.262200
81	0.168500
82	1.170800
83	0.194200
84	0.679700
85	0.259900
86	0.277000
87	0.245600
88	0.097100
89	0.165600
90	1.262200
91	1.262200
92	1.113700
93	0.391200
94	0.277000
95	0.277000
96	0.291300
97	0.365500
98	0.259900
99	0.382700
100	0.157100
101	0.439800
102	1.262200
103	0.982400
104	0.325600
105	0.628300
106	0.785300
107	0.408400
108	0.811000
109	1.262200
110	0.000000
111	1.262200
112	0.000000
113	1.262200
114	0.217000
115	0.656800
116	1.262200
117	1.148000
118	1.262200
119	0.211300
120	0.448300
121	0.208500
122	0.279900
123	0.288400
124	0.094200
125	0.331300
126	0.439800
127	0.308400
128	0.408400
129	1.262200
130	0.148500
131	0.139900
132	1.068000
133	0.462600
134	0.177100
135	0.128500
136	0.268400
137	0.139900
138	0.339800
139	0.114200
140	0.077100
141	0.211300
142	0.439800
143	0.839600
144	0.131400
145	0.456900
146	1.016600
147	1.262200
148	0.596800
149	1.148000
150	0.348400
151	0.157100
152	0.499700
153	0.402700
154	0.111400
155	0.177100
156	0.088500
157	0.119900
158	0.402700
159	0.516900
160	0.733900
161	0.945200
162	0.491200
163	0.277000
164	0.508300
165	0.882400
166	0.217000
167	1.262200
168	1.128000
169	0.359800
170	0.234200
171	0.219900
172	0.245600
173	0.262700
174	0.142800
175	1.262200
176	0.225600
177	0.234200
178	0.094200
179	0.191300
180	0.139900
181	0.399800
182	0.202800
183	0.856700
184	0.831000
185	0.279900
186	0.602600
187	0.254200
188	0.673900
