1	0.123600
2	0.135100
3	0.040200
4	0.063200
5	0.290400
6	0.161000
7	0.313400
8	0.040200
9	0.060400
10	0.356500
11	0.129400
12	0.169600
13	0.928600
14	1.217500
15	0.218500
16	0.103500
17	0.235700
18	0.051700
19	0.063200
20	0.221400
21	0.046000
22	0.109200
23	0.388100
24	0.339200
25	0.117900
26	1.217500
27	1.127000
28	0.342100
29	1.217500
30	1.217500
31	0.066100
32	0.043100
33	0.232900
34	0.057500
35	0.100600
36	0.339200
37	0.060400
38	0.293200
39	0.540500
40	0.678500
41	0.882600
42	0.086200
43	0.583600
44	0.172500
45	0.189700
46	0.546200
47	0.069000
48	0.034500
49	0.276000
50	0.408200
51	0.402500
52	0.721600
53	0.399600
54	0.825100
55	0.149500
56	0.115000
57	0.301900
58	0.391000
59	0.063200
60	0.092000
61	0.284600
62	0.192600
63	0.396700
64	0.117900
65	0.370900
66	0.301900
67	0.603700
68	0.434100
69	0.983200
70	1.129900
71	0.290400
72	0.207000
73	0.201200
74	0.132200
75	0.221400
76	0.212700
77	0.178200
78	0.161000
79	1.217500
80	1.217500
81	0.178200
82	1.217500
83	0.215600
84	0.773400
85	0.221400
86	0.327700
87	0.247200
88	0.083400
89	0.235700
90	1.217500
91	1.217500
92	1.135600
93	0.388100
94	0.290400
95	0.296100
96	0.327700
97	0.359400
98	0.267400
99	0.356500
100	0.112100
101	0.419700
102	1.217500
103	0.963100
104	0.278900
105	0.583600
106	0.879700
107	0.204100
108	0.943000
109	0.908500
110	1.217500
111	0.301900
112	0.865400
113	0.537600
114	0.000000
115	1.217500
116	0.000000
117	1.217500
118	1.217500
119	0.238600
120	0.704400
121	0.198400
122	0.290400
123	0.322000
124	0.109200
125	0.330600
126	0.391000
127	0.330600
128	0.460000
129	1.217500
130	0.132200
131	0.112100
132	1.173000
133	0.411100
134	0.186900
135	0.132200
136	0.224200
137	0.126500
138	0.299000
139	0.071900
140	0.069000
141	0.253000
142	0.431200
143	0.842400
144	0.109200
145	0.362200
146	1.170100
147	1.049400
148	0.531900
149	1.035000
150	0.327700
151	0.163900
152	0.376600
153	0.457100
154	0.086200
155	0.255900
156	0.077600
157	0.129400
158	0.442700
159	0.543400
160	0.704400
161	0.925700
162	0.379500
163	0.244400
164	0.503100
165	0.744600
166	0.284600
167	1.217500
168	1.058000
169	0.235700
170	0.264500
171	0.267400
172	0.287500
173	0.218500
174	0.169600
175	1.217500
176	0.264500
177	0.324900
178	0.143700
179	0.161000
180	0.201200
181	0.468600
182	0.224200
183	0.730200
184	0.819400
185	0.273100
186	0.600900
187	0.181100
188	0.704400
