1	0.106300
2	0.151900
3	0.103300
4	0.091100
5	0.315900
6	0.164000
7	0.300800
8	0.066800
9	0.121500
10	0.334200
11	0.194400
12	0.203500
13	0.941700
14	1.180600
15	0.227800
16	0.063800
17	0.227800
18	0.033400
19	0.088100
20	0.209600
21	0.057700
22	0.082000
23	0.382800
24	0.309900
25	0.121500
26	1.180600
27	1.078400
28	0.325100
29	1.180600
30	1.180600
31	0.112400
32	0.063800
33	0.164000
34	0.063800
35	0.106300
36	0.306800
37	0.091100
38	0.364500
39	0.446600
40	0.768600
41	0.929600
42	0.112400
43	0.583300
44	0.161000
45	0.179200
46	0.574200
47	0.088100
48	0.063800
49	0.373700
50	0.422300
51	0.534700
52	0.890100
53	0.413200
54	0.881000
55	0.115400
56	0.203500
57	0.437500
58	0.428300
59	0.091100
60	0.112400
61	0.243000
62	0.249100
63	0.379700
64	0.145800
65	0.373700
66	0.325100
67	0.528600
68	0.388800
69	0.941700
70	1.111900
71	0.249100
72	0.258200
73	0.212700
74	0.176200
75	0.212700
76	0.212700
77	0.203500
78	0.200500
79	1.180600
80	1.180600
81	0.188300
82	1.180600
83	0.233900
84	0.808100
85	0.243000
86	0.358500
87	0.261300
88	0.115400
89	0.243000
90	1.180600
91	1.180600
92	1.151400
93	0.407100
94	0.334200
95	0.261300
96	0.309900
97	0.379700
98	0.300800
99	0.331100
100	0.103300
101	0.422300
102	1.180600
103	1.117900
104	0.252100
105	0.589300
106	1.160500
107	0.233900
108	0.859700
109	0.753400
110	1.180600
111	0.243000
112	0.638000
113	0.476900
114	0.467800
115	0.592400
116	1.180600
117	0.820200
118	0.000000
119	1.180600
120	0.000000
121	0.914400
122	0.510400
123	0.413200
124	0.249100
125	0.492100
126	0.516400
127	0.519500
128	0.662300
129	1.180600
130	0.145800
131	0.185300
132	1.180600
133	0.467800
134	0.291600
135	0.164000
136	0.276400
137	0.088100
138	0.373700
139	0.079000
140	0.048600
141	0.276400
142	0.470900
143	0.914400
144	0.127600
145	0.407100
146	1.180600
147	1.127100
148	0.476900
149	0.874900
150	0.349400
151	0.136700
152	0.325100
153	0.480000
154	0.121500
155	0.276400
156	0.066800
157	0.136700
158	0.413200
159	0.470900
160	0.613700
161	0.996400
162	0.373700
163	0.237000
164	0.501300
165	0.680500
166	0.322000
167	1.180600
168	1.054100
169	0.306800
170	0.176200
171	0.273400
172	0.334200
173	0.243000
174	0.097200
175	1.180600
176	0.224800
177	0.325100
178	0.145800
179	0.224800
180	0.209600
181	0.467800
182	0.224800
183	0.841500
184	0.914400
185	0.209600
186	0.552900
187	0.285600
188	0.583300
