1	0.088000
2	0.109900
3	0.057700
4	0.035700
5	0.269400
6	0.178700
7	0.288600
8	0.057700
9	0.060500
10	0.280300
11	0.126400
12	0.192400
13	0.838300
14	1.299400
15	0.217100
16	0.090700
17	0.214400
18	0.093400
19	0.057700
20	0.225400
21	0.071500
22	0.126400
23	0.420500
24	0.294100
25	0.118200
26	1.299400
27	1.027900
28	0.316100
29	1.299400
30	1.299400
31	0.082500
32	0.027500
33	0.203400
34	0.052200
35	0.098900
36	0.261100
37	0.057700
38	0.321600
39	0.450800
40	0.593700
41	0.832800
42	0.101700
43	0.568900
44	0.153900
45	0.162200
46	0.582700
47	0.063200
48	0.035700
49	0.346300
50	0.329800
51	0.362800
52	0.808100
53	0.371000
54	0.964700
55	0.129200
56	0.118200
57	0.398500
58	0.459000
59	0.077000
60	0.090700
61	0.241900
62	0.162200
63	0.310600
64	0.079700
65	0.321600
66	0.313300
67	0.541500
68	0.313300
69	0.984000
70	0.920800
71	0.261100
72	0.145700
73	0.181400
74	0.148400
75	0.162200
76	0.197900
77	0.175900
78	0.189600
79	1.299400
80	1.299400
81	0.134700
82	1.066400
83	0.197900
84	0.758600
85	0.241900
86	0.258400
87	0.230900
88	0.079700
89	0.192400
90	1.299400
91	1.299400
92	1.146100
93	0.362800
94	0.263900
95	0.258400
96	0.283100
97	0.365600
98	0.219900
99	0.285800
100	0.098900
101	0.420500
102	1.299400
103	1.187400
104	0.305100
105	0.426000
106	0.973000
107	0.192400
108	0.846500
109	0.720100
110	1.299400
111	0.228100
112	0.610200
113	0.676100
114	0.214400
115	0.494700
116	1.299400
117	0.931700
118	1.299400
119	0.296800
120	0.830100
121	0.327100
122	0.274900
123	0.263900
124	0.000000
125	1.299400
126	0.000000
127	0.733900
128	0.637700
129	1.299400
130	0.134700
131	0.129200
132	1.206600
133	0.453500
134	0.247400
135	0.175900
136	0.252900
137	0.131900
138	0.412300
139	0.088000
140	0.109900
141	0.274900
142	0.555200
143	0.890500
144	0.115400
145	0.431500
146	1.250600
147	0.860300
148	0.332600
149	0.951000
150	0.280300
151	0.175900
152	0.272100
153	0.365600
154	0.060500
155	0.239100
156	0.085200
157	0.071500
158	0.357300
159	0.527700
160	0.725600
161	0.964700
162	0.390300
163	0.230900
164	0.500200
165	0.849300
166	0.296800
167	1.299400
168	0.978500
169	0.299600
170	0.228100
171	0.211600
172	0.313300
173	0.222600
174	0.137400
175	1.299400
176	0.241900
177	0.313300
178	0.137400
179	0.164900
180	0.170400
181	0.415000
182	0.225400
183	0.841000
184	0.780600
185	0.258400
186	0.547000
187	0.195100
188	0.651400
