1	0.118700
2	0.113500
3	0.049000
4	0.064500
5	0.242500
6	0.116100
7	0.301900
8	0.046400
9	0.046400
10	0.255400
11	0.178000
12	0.149600
13	0.887500
14	1.200700
15	0.206400
16	0.061900
17	0.123800
18	0.090300
19	0.074800
20	0.167700
21	0.064500
22	0.118700
23	0.368900
24	0.299300
25	0.087700
26	1.200700
27	1.050100
28	0.340600
29	1.200700
30	1.200700
31	0.069700
32	0.038700
33	0.188300
34	0.041300
35	0.085100
36	0.260600
37	0.072200
38	0.294100
39	0.425700
40	0.552100
41	0.802400
42	0.121300
43	0.482500
44	0.160000
45	0.141900
46	0.477300
47	0.064500
48	0.049000
49	0.255400
50	0.335400
51	0.420500
52	0.903000
53	0.325100
54	0.637300
55	0.139300
56	0.129000
57	0.268300
58	0.399900
59	0.064500
60	0.098000
61	0.196100
62	0.170300
63	0.356000
64	0.100600
65	0.307000
66	0.263200
67	0.474700
68	0.379300
69	0.841100
70	1.197100
71	0.270900
72	0.165100
73	0.131600
74	0.121300
75	0.131600
76	0.224500
77	0.175400
78	0.193500
79	1.200700
80	1.200700
81	0.149600
82	1.200700
83	0.196100
84	0.934000
85	0.234800
86	0.268300
87	0.211600
88	0.064500
89	0.201200
90	1.200700
91	1.200700
92	1.200700
93	0.350900
94	0.252800
95	0.278600
96	0.242500
97	0.330200
98	0.237400
99	0.350900
100	0.118700
101	0.387000
102	1.200700
103	1.200700
104	0.242500
105	0.363800
106	0.988200
107	0.170300
108	0.877200
109	0.750800
110	1.200700
111	0.214100
112	0.823000
113	0.877200
114	0.178000
115	0.412800
116	1.200700
117	0.882400
118	1.200700
119	0.206400
120	0.343100
121	0.193500
122	0.281200
123	0.418000
124	0.085100
125	0.379300
126	0.428300
127	0.296700
128	0.412800
129	1.200700
130	0.108400
131	0.074800
132	0.864300
133	0.402500
134	0.245100
135	0.304400
136	1.158400
137	0.000000
138	1.200700
139	0.000000
140	0.103200
141	0.381800
142	0.451500
143	1.127500
144	0.136700
145	0.572800
146	1.050100
147	1.200700
148	0.792100
149	1.194600
150	0.418000
151	0.149600
152	0.508300
153	0.441200
154	0.056800
155	0.227000
156	0.080000
157	0.139300
158	0.428300
159	0.498000
160	0.673400
161	1.016500
162	0.338000
163	0.211600
164	0.374100
165	0.727600
166	0.265700
167	1.200700
168	1.150700
169	0.307000
170	0.224500
171	0.245100
172	0.270900
173	0.167700
174	0.126400
175	1.200700
176	0.227000
177	0.278600
178	0.126400
179	0.116100
180	0.118700
181	0.402500
182	0.206400
183	0.756000
184	0.807600
185	0.247700
186	0.498000
187	0.206400
188	0.567600
