1	0.086400
2	0.147600
3	0.052900
4	0.080800
5	0.256300
6	0.130900
7	0.339800
8	0.052900
9	0.078000
10	0.306400
11	0.144800
12	0.147600
13	0.899700
14	1.171300
15	0.175500
16	0.083600
17	0.195000
18	0.069600
19	0.058500
20	0.181100
21	0.047400
22	0.111400
23	0.370500
24	0.275800
25	0.105800
26	1.171300
27	0.974900
28	0.306400
29	1.171300
30	1.171300
31	0.069600
32	0.039000
33	0.183800
34	0.050100
35	0.103100
36	0.270200
37	0.064100
38	0.334300
39	0.501400
40	0.537600
41	0.813400
42	0.097500
43	0.537600
44	0.167100
45	0.114200
46	0.587700
47	0.061300
48	0.061300
49	0.312000
50	0.320300
51	0.378800
52	0.729800
53	0.348200
54	0.768800
55	0.153200
56	0.144800
57	0.273000
58	0.395500
59	0.061300
60	0.086400
61	0.231200
62	0.156000
63	0.392800
64	0.103100
65	0.273000
66	0.328700
67	0.426200
68	0.312000
69	0.952600
70	1.016700
71	0.247900
72	0.164300
73	0.144800
74	0.114200
75	0.178300
76	0.169900
77	0.125300
78	0.158800
79	1.171300
80	1.171300
81	0.208900
82	1.139300
83	0.200600
84	0.727000
85	0.206100
86	0.328700
87	0.242300
88	0.061300
89	0.144800
90	1.128100
91	1.171300
92	1.022300
93	0.334300
94	0.247900
95	0.192200
96	0.253500
97	0.317500
98	0.247900
99	0.314800
100	0.069600
101	0.395500
102	1.169900
103	1.050100
104	0.242300
105	0.445700
106	0.844000
107	0.161600
108	0.986100
109	0.924800
110	1.171300
111	0.181100
112	0.576600
113	0.557100
114	0.220100
115	0.445700
116	1.171300
117	0.832900
118	1.171300
119	0.189400
120	0.356500
121	0.197800
122	0.236800
123	0.222800
124	0.089100
125	0.239600
126	0.278600
127	0.197800
128	0.409500
129	1.171300
130	0.103100
131	0.133700
132	1.117000
133	0.454000
134	0.189400
135	0.122600
136	0.256300
137	0.094700
138	0.314800
139	0.139300
140	0.114200
141	0.211700
142	0.334300
143	0.788300
144	0.147600
145	0.637900
146	1.005600
147	0.986100
148	0.481900
149	0.593300
150	0.688000
151	0.275800
152	0.000000
153	1.171300
154	0.000000
155	0.278600
156	0.086400
157	0.091900
158	0.437300
159	0.448500
160	0.557100
161	0.908100
162	0.376000
163	0.245100
164	0.395500
165	0.802200
166	0.267400
167	1.171300
168	1.041800
169	0.295300
170	0.222800
171	0.231200
172	0.281300
173	0.200600
174	0.142100
175	1.171300
176	0.239600
177	0.259100
178	0.133700
179	0.130900
180	0.156000
181	0.420600
182	0.186600
183	0.674100
184	0.743700
185	0.206100
186	0.493000
187	0.228400
188	0.590500
