1	0.084300
2	0.112400
3	0.061300
4	0.074100
5	0.260700
6	0.150800
7	0.288800
8	0.046000
9	0.066400
10	0.306700
11	0.148200
12	0.166100
13	0.830600
14	1.270100
15	0.153300
16	0.076700
17	0.150800
18	0.069000
19	0.069000
20	0.171200
21	0.053700
22	0.102200
23	0.281100
24	0.250500
25	0.102200
26	1.308200
27	0.968600
28	0.296500
29	1.308200
30	1.308200
31	0.074100
32	0.043400
33	0.132900
34	0.051100
35	0.076700
36	0.247900
37	0.061300
38	0.281100
39	0.465100
40	0.580100
41	0.856100
42	0.089400
43	0.483000
44	0.173800
45	0.132900
46	0.544300
47	0.056200
48	0.046000
49	0.276000
50	0.334800
51	0.411500
52	0.718100
53	0.350100
54	0.723200
55	0.125200
56	0.122700
57	0.286200
58	0.385900
59	0.043400
60	0.084300
61	0.209600
62	0.176300
63	0.342500
64	0.097100
65	0.301600
66	0.224900
67	0.444700
68	0.324600
69	0.817800
70	1.024800
71	0.250500
72	0.150800
73	0.117600
74	0.130300
75	0.150800
76	0.168700
77	0.138000
78	0.135400
79	1.308200
80	1.308200
81	0.143100
82	1.093800
83	0.155900
84	0.661900
85	0.161000
86	0.255600
87	0.209600
88	0.061300
89	0.130300
90	1.242000
91	1.308200
92	1.017100
93	0.296500
94	0.224900
95	0.207000
96	0.227500
97	0.342500
98	0.201900
99	0.253000
100	0.086900
101	0.350100
102	1.308200
103	1.027400
104	0.224900
105	0.306700
106	1.027400
107	0.132900
108	0.807600
109	0.636300
110	1.308200
111	0.155900
112	0.595500
113	0.636300
114	0.209600
115	0.368000
116	1.308200
117	0.759000
118	1.308200
119	0.138000
120	0.342500
121	0.145700
122	0.196800
123	0.196800
124	0.081800
125	0.199300
126	0.388500
127	0.306700
128	0.416600
129	1.308200
130	0.102200
131	0.102200
132	0.884200
133	0.408900
134	0.127800
135	0.115000
136	0.230000
137	0.097100
138	0.260700
139	0.104800
140	0.092000
141	0.224900
142	0.431900
143	0.958400
144	0.115000
145	0.342500
146	0.815200
147	1.091300
148	0.462600
149	0.802500
150	0.314300
151	0.155900
152	0.219800
153	0.373100
154	0.079200
155	0.265800
156	0.224900
157	0.000000
158	1.308200
159	0.000000
160	0.506000
161	1.308200
162	1.308200
163	0.802500
164	1.308200
165	1.308200
166	0.242800
167	1.308200
168	1.075900
169	0.237700
170	0.191700
171	0.224900
172	0.293900
173	0.201900
174	0.161000
175	1.308200
176	0.186600
177	0.219800
178	0.120100
179	0.168700
180	0.150800
181	0.408900
182	0.204400
183	0.912400
184	0.902100
185	0.278600
186	0.641500
187	0.209600
188	0.669600
