1	0.110000
2	0.070300
3	0.055000
4	0.085600
5	0.272000
6	0.192500
7	0.281200
8	0.048900
9	0.082500
10	0.311700
11	0.140600
12	0.195600
13	1.029900
14	1.214400
15	0.247500
16	0.073300
17	0.198600
18	0.094700
19	0.097800
20	0.217000
21	0.076400
22	0.122200
23	0.327000
24	0.293400
25	0.110000
26	1.214400
27	1.191900
28	0.382000
29	1.214400
30	1.214400
31	0.088600
32	0.030600
33	0.183400
34	0.042800
35	0.094700
36	0.302500
37	0.058100
38	0.323900
39	0.470600
40	0.718200
41	0.938200
42	0.079500
43	0.583700
44	0.158900
45	0.180300
46	0.577600
47	0.067200
48	0.058100
49	0.308700
50	0.412600
51	0.412600
52	0.959600
53	0.372800
54	0.956500
55	0.198600
56	0.155900
57	0.345300
58	0.424800
59	0.067200
60	0.088600
61	0.235300
62	0.192500
63	0.467600
64	0.119200
65	0.293400
66	0.284200
67	0.559300
68	0.305600
69	1.103200
70	1.051300
71	0.302500
72	0.174200
73	0.110000
74	0.165000
75	0.183400
76	0.201700
77	0.158900
78	0.198600
79	1.214400
80	1.214400
81	0.155900
82	1.173500
83	0.180300
84	0.785400
85	0.195600
86	0.336200
87	0.207800
88	0.097800
89	0.213900
90	1.214400
91	1.214400
92	1.214400
93	0.378900
94	0.311700
95	0.241400
96	0.314800
97	0.369800
98	0.235300
99	0.265900
100	0.113100
101	0.388100
102	1.214400
103	1.214400
104	0.256700
105	0.375900
106	1.214400
107	0.198600
108	0.819000
109	0.785400
110	1.214400
111	0.213900
112	0.599000
113	0.681500
114	0.259800
115	0.412600
116	1.214400
117	1.036000
118	1.214400
119	0.162000
120	0.345300
121	0.217000
122	0.229200
123	0.247500
124	0.091700
125	0.259800
126	0.452300
127	0.363700
128	0.458400
129	1.214400
130	0.100800
131	0.128400
132	1.060400
133	0.430900
134	0.204800
135	0.137500
136	0.229200
137	0.128400
138	0.259800
139	0.076400
140	0.113100
141	0.293400
142	0.522600
143	1.149100
144	0.113100
145	0.388100
146	1.158200
147	1.214400
148	0.492000
149	0.800700
150	0.406500
151	0.204800
152	0.226100
153	0.421700
154	0.088600
155	0.220000
156	0.119200
157	0.201700
158	1.214400
159	0.333100
160	0.250600
161	0.235300
162	0.000000
163	1.214400
164	0.000000
165	1.214400
166	0.599000
167	1.214400
168	1.214400
169	0.446200
170	0.296400
171	0.372800
172	0.265900
173	0.158900
174	0.198600
175	1.214400
176	0.253700
177	0.351400
178	0.192500
179	0.171100
180	0.149700
181	0.446200
182	0.210900
183	1.026800
184	0.974900
185	0.320900
186	0.684600
187	0.238400
188	0.751800
