1	0.357900
2	0.137000
3	0.223700
4	0.000000
5	1.322700
6	0.000000
7	0.948000
8	0.103500
9	0.167800
10	0.634800
11	0.282400
12	0.313200
13	1.322700
14	1.322700
15	0.299200
16	0.089500
17	0.405500
18	0.156600
19	0.111900
20	0.444600
21	0.131400
22	0.128600
23	0.422200
24	0.444600
25	0.125800
26	1.322700
27	1.163300
28	0.402700
29	1.322700
30	1.322700
31	0.134200
32	0.058700
33	0.489400
34	0.137000
35	0.134200
36	1.129700
37	0.240500
38	0.327200
39	0.620800
40	0.961900
41	1.322700
42	0.123000
43	0.771800
44	0.223700
45	0.151000
46	0.612400
47	0.067100
48	0.033600
49	0.316000
50	0.371900
51	0.447400
52	0.830500
53	0.388700
54	0.794200
55	0.137000
56	0.151000
57	0.254500
58	0.394300
59	0.064300
60	0.072700
61	0.206900
62	0.190200
63	0.430600
64	0.103500
65	0.335600
66	0.290800
67	0.492200
68	0.260100
69	0.861300
70	1.051400
71	0.260100
72	0.165000
73	0.137000
74	0.134200
75	0.142600
76	0.204100
77	0.120200
78	0.162200
79	1.322700
80	1.322700
81	0.181800
82	1.180100
83	0.190200
84	0.673900
85	0.192900
86	0.327200
87	0.220900
88	0.069900
89	0.125800
90	1.132500
91	1.322700
92	1.001100
93	0.349500
94	0.218100
95	0.204100
96	0.271200
97	0.324400
98	0.190200
99	0.285200
100	0.081100
101	0.321600
102	1.322700
103	0.967500
104	0.204100
105	0.455800
106	0.925600
107	0.198500
108	0.816500
109	0.662700
110	1.322700
111	0.184600
112	0.584400
113	0.467000
114	0.139800
115	0.399900
116	1.322700
117	0.808100
118	1.322700
119	0.176200
120	0.332800
121	0.181800
122	0.220900
123	0.184600
124	0.100700
125	0.248900
126	0.338400
127	0.290800
128	0.447400
129	1.322700
130	0.148200
131	0.092300
132	0.869700
133	0.419500
134	0.159400
135	0.125800
136	0.248900
137	0.072700
138	0.243300
139	0.064300
140	0.072700
141	0.265700
142	0.394300
143	0.864100
144	0.095100
145	0.332800
146	1.286300
147	0.978700
148	0.349500
149	0.766200
150	0.271200
151	0.128600
152	0.257300
153	0.360700
154	0.050300
155	0.254500
156	0.092300
157	0.097900
158	0.430600
159	0.397100
160	0.654300
161	0.889200
162	0.366300
163	0.223700
164	0.439000
165	0.752200
166	0.201300
167	1.322700
168	0.959100
169	0.260100
170	0.198500
171	0.243300
172	0.246100
173	0.167800
174	0.137000
175	1.322700
176	0.246100
177	0.260100
178	0.114600
179	0.139800
180	0.181800
181	0.405500
182	0.156600
183	0.797000
184	0.808100
185	0.223700
186	0.469800
187	0.226500
188	0.576000
