1	0.125500
2	0.159100
3	0.137700
4	0.125500
5	0.000000
6	1.320900
7	0.000000
8	0.146900
9	0.113200
10	0.639600
11	0.416200
12	0.321300
13	1.320900
14	1.320900
15	0.195900
16	0.097900
17	0.299900
18	0.119400
19	0.146900
20	0.404000
21	0.119400
22	0.263200
23	0.691600
24	0.474300
25	0.070400
26	1.320900
27	1.178200
28	0.370300
29	1.320900
30	1.320900
31	0.146900
32	0.042800
33	0.235600
34	0.070400
35	0.113200
36	0.486600
37	0.055100
38	0.416200
39	0.459000
40	0.615100
41	1.052700
42	0.104100
43	0.642700
44	0.235600
45	0.257100
46	0.535600
47	0.064300
48	0.055100
49	0.312200
50	0.446800
51	0.446800
52	0.899700
53	0.355000
54	0.872200
55	0.195900
56	0.186700
57	0.388700
58	0.480500
59	0.088700
60	0.113200
61	0.257100
62	0.235600
63	0.410100
64	0.186700
65	0.339700
66	0.306000
67	0.514100
68	0.333600
69	1.046600
70	1.003800
71	0.333600
72	0.189700
73	0.153000
74	0.229500
75	0.263200
76	0.186700
77	0.229500
78	0.174400
79	1.320900
80	1.320900
81	0.244800
82	1.320900
83	0.244800
84	0.667100
85	0.214200
86	0.333600
87	0.238700
88	0.082600
89	0.202000
90	1.086400
91	1.320900
92	1.052700
93	0.306000
94	0.306000
95	0.312200
96	0.321300
97	0.284600
98	0.257100
99	0.306000
100	0.137700
101	0.382500
102	1.320900
103	1.074200
104	0.290700
105	0.529400
106	0.878300
107	0.162200
108	0.948700
109	0.731400
110	1.320900
111	0.214200
112	0.716100
113	0.633500
114	0.180600
115	0.446800
116	1.320900
117	0.710000
118	1.320900
119	0.186700
120	0.440700
121	0.137700
122	0.278500
123	0.238700
124	0.097900
125	0.333600
126	0.425400
127	0.278500
128	0.465200
129	1.320900
130	0.137700
131	0.125500
132	1.043600
133	0.446800
134	0.208100
135	0.113200
136	0.244800
137	0.110200
138	0.235600
139	0.082600
140	0.146900
141	0.293800
142	0.431500
143	0.844600
144	0.119400
145	0.391700
146	1.320900
147	1.114000
148	0.404000
149	0.768100
150	0.250900
151	0.159100
152	0.214200
153	0.376400
154	0.088700
155	0.223400
156	0.159100
157	0.137700
158	0.508000
159	0.550900
160	0.710000
161	0.982400
162	0.361100
163	0.315200
164	0.495800
165	0.774300
166	0.272400
167	1.320900
168	1.080300
169	0.266200
170	0.250900
171	0.339700
172	0.312200
173	0.238700
174	0.168300
175	1.320900
176	0.312200
177	0.306000
178	0.137700
179	0.189700
180	0.189700
181	0.382500
182	0.217300
183	0.841600
184	0.807900
185	0.293800
186	0.642700
187	0.315200
188	0.670200
