1	0.105400
2	0.115000
3	0.076700
4	0.124600
5	0.584700
6	0.297100
7	0.597400
8	0.095800
9	0.156500
10	0.712500
11	0.000000
12	1.211300
13	0.000000
14	1.211300
15	0.335500
16	0.111800
17	0.226800
18	0.111800
19	0.105400
20	0.386600
21	0.076700
22	0.134200
23	0.536700
24	0.405800
25	0.124600
26	1.211300
27	1.185300
28	0.377000
29	1.211300
30	1.211300
31	0.111800
32	0.028800
33	0.287500
34	0.079900
35	0.115000
36	0.278000
37	0.134200
38	0.421700
39	0.594200
40	0.559100
41	0.904200
42	0.147000
43	0.543100
44	0.156500
45	0.175700
46	0.524000
47	0.051100
48	0.054300
49	0.300300
50	0.370600
51	0.466500
52	0.920100
53	0.440900
54	0.913700
55	0.140600
56	0.172500
57	0.402600
58	0.440900
59	0.124600
60	0.111800
61	0.290700
62	0.210900
63	0.453700
64	0.147000
65	0.393000
66	0.402600
67	0.501600
68	0.437700
69	1.035100
70	1.067100
71	0.242800
72	0.172500
73	0.166100
74	0.156500
75	0.226800
76	0.236400
77	0.210900
78	0.220400
79	1.211300
80	1.211300
81	0.147000
82	1.211300
83	0.217300
84	0.830700
85	0.306700
86	0.335500
87	0.252400
88	0.060700
89	0.201300
90	1.211300
91	1.211300
92	1.006400
93	0.367400
94	0.242800
95	0.201300
96	0.290700
97	0.421700
98	0.313100
99	0.367400
100	0.079900
101	0.386600
102	1.211300
103	1.054300
104	0.281200
105	0.370600
106	1.031900
107	0.220400
108	0.824300
109	0.814700
110	1.211300
111	0.156500
112	0.667700
113	0.639000
114	0.217300
115	0.431300
116	1.211300
117	0.808300
118	1.211300
119	0.210900
120	0.393000
121	0.220400
122	0.252400
123	0.194900
124	0.095800
125	0.332300
126	0.386600
127	0.287500
128	0.524000
129	1.211300
130	0.156500
131	0.140600
132	1.185300
133	0.463300
134	0.242800
135	0.124600
136	0.262000
137	0.115000
138	0.281200
139	0.111800
140	0.182100
141	0.278000
142	0.421700
143	0.859400
144	0.115000
145	0.361000
146	1.211300
147	1.111800
148	0.447300
149	0.948900
150	0.322700
151	0.115000
152	0.287500
153	0.386600
154	0.095800
155	0.306700
156	0.089500
157	0.124600
158	0.508000
159	0.508000
160	0.709300
161	1.009600
162	0.437700
163	0.297100
164	0.562300
165	0.808300
166	0.255600
167	1.211300
168	1.111800
169	0.281200
170	0.226800
171	0.325900
172	0.332300
173	0.134200
174	0.156500
175	1.211300
176	0.290700
177	0.527200
178	0.172500
179	0.147000
180	0.194900
181	0.431300
182	0.255600
183	0.805100
184	0.779600
185	0.316300
186	0.568700
187	0.290700
188	0.702900
