1	0.085900
2	0.168800
3	0.071100
4	0.062200
5	0.432400
6	0.139200
7	0.316900
8	0.124400
9	0.115500
10	0.367200
11	0.225100
12	0.260600
13	0.971400
14	0.000000
15	1.162800
16	0.000000
17	0.393900
18	0.100700
19	0.082900
20	0.281400
21	0.065200
22	0.151000
23	0.459100
24	0.379100
25	0.097700
26	1.162800
27	1.162800
28	0.331700
29	1.162800
30	1.162800
31	0.071100
32	0.053300
33	0.210300
34	0.050300
35	0.124400
36	0.293200
37	0.071100
38	0.435400
39	1.009900
40	0.630800
41	1.060300
42	0.082900
43	0.577500
44	0.435400
45	0.195500
46	0.693000
47	0.088900
48	0.050300
49	0.293200
50	0.405700
51	0.373200
52	0.793700
53	0.414600
54	0.823300
55	0.162900
56	0.115500
57	0.328700
58	0.465000
59	0.047400
60	0.124400
61	0.272500
62	0.183600
63	0.432400
64	0.077000
65	0.346500
66	0.316900
67	0.542000
68	0.385000
69	0.974400
70	1.122500
71	0.322800
72	0.219200
73	0.180700
74	0.189500
75	0.180700
76	0.186600
77	0.189500
78	0.174700
79	1.162800
80	1.162800
81	0.151000
82	1.162800
83	0.213200
84	0.719700
85	0.248800
86	0.322800
87	0.231000
88	0.094800
89	0.183600
90	1.162800
91	1.162800
92	1.045500
93	0.361300
94	0.254700
95	0.281400
96	0.287300
97	0.370200
98	0.316900
99	0.340600
100	0.088900
101	0.402800
102	1.162800
103	1.161000
104	0.222100
105	0.393900
106	1.081000
107	0.157000
108	0.983300
109	0.743400
110	1.162800
111	0.189500
112	0.553800
113	0.568600
114	0.171800
115	0.432400
116	1.162800
117	0.841100
118	1.162800
119	0.183600
120	0.390900
121	0.151000
122	0.207300
123	0.263600
124	0.082900
125	0.287300
126	0.334700
127	0.257700
128	0.447200
129	1.162800
130	0.136200
131	0.109600
132	1.069200
133	0.470900
134	0.213200
135	0.106600
136	0.234000
137	0.097700
138	0.299100
139	0.094800
140	0.109600
141	0.219200
142	0.408700
143	0.784800
144	0.088900
145	0.346500
146	1.162800
147	1.009900
148	0.420600
149	0.811500
150	0.334700
151	0.145100
152	0.210300
153	0.358400
154	0.059200
155	0.195500
156	0.109600
157	0.121400
158	0.367200
159	0.565700
160	0.630800
161	1.036600
162	0.405700
163	0.293200
164	0.515300
165	0.743400
166	0.275400
167	1.162800
168	1.125400
169	0.305100
170	0.248800
171	0.236900
172	0.328700
173	0.231000
174	0.139200
175	1.162800
176	0.263600
177	0.346500
178	0.145100
179	0.168800
180	0.121400
181	0.420600
182	0.254700
183	0.817400
184	0.867800
185	0.272500
186	0.562700
187	0.234000
188	0.595300
