1	0.158800
2	0.210600
3	0.090700
4	0.045400
5	0.359700
6	0.359700
7	0.512000
8	0.084300
9	0.113400
10	0.502300
11	0.314300
12	0.204200
13	1.214800
14	1.214800
15	0.291700
16	0.097200
17	0.353200
18	0.136100
19	0.324100
20	0.427800
21	0.000000
22	1.214800
23	0.000000
24	1.214800
25	0.136100
26	1.214800
27	0.871700
28	0.337000
29	1.214800
30	1.214800
31	0.181500
32	0.074500
33	0.301400
34	0.097200
35	0.165300
36	0.414800
37	0.126400
38	0.359700
39	0.466600
40	0.819900
41	0.842500
42	0.090700
43	0.563900
44	0.278700
45	0.278700
46	0.512000
47	0.068100
48	0.084300
49	0.301400
50	0.375900
51	0.502300
52	0.832800
53	0.512000
54	0.803700
55	0.217100
56	0.188000
57	0.405100
58	0.489300
59	0.051800
60	0.158800
61	0.272200
62	0.233300
63	0.534700
64	0.126400
65	0.398600
66	0.369400
67	0.593000
68	0.414800
69	1.037000
70	0.991600
71	0.359700
72	0.165300
73	0.226800
74	0.210600
75	0.233300
76	0.171700
77	0.226800
78	0.210600
79	1.214800
80	1.214800
81	0.181500
82	1.214800
83	0.285200
84	0.826300
85	0.278700
86	0.307900
87	0.249500
88	0.090700
89	0.194400
90	1.121200
91	1.214800
92	1.214800
93	0.405100
94	0.278700
95	0.249500
96	0.188000
97	0.359700
98	0.171700
99	0.256000
100	0.045400
101	0.421300
102	1.214800
103	1.121200
104	0.278700
105	0.489300
106	1.043500
107	0.194400
108	0.855500
109	0.781000
110	1.214800
111	0.233300
112	0.735600
113	0.570300
114	0.272200
115	0.421300
116	1.214800
117	0.939800
118	1.214800
119	0.126400
120	0.525000
121	0.226800
122	0.307900
123	0.272200
124	0.194400
125	0.324100
126	0.353200
127	0.233300
128	0.437500
129	1.214800
130	0.149100
131	0.149100
132	1.143900
133	0.414800
134	0.226800
135	0.171700
136	0.256000
137	0.103700
138	0.330500
139	0.074500
140	0.090700
141	0.359700
142	0.405100
143	0.968900
144	0.149100
145	0.421300
146	1.214800
147	1.075900
148	0.382400
149	1.066100
150	0.239800
151	0.204200
152	0.337000
153	0.437500
154	0.084300
155	0.226800
156	0.068100
157	0.084300
158	0.473100
159	0.466600
160	0.729100
161	1.020800
162	0.502300
163	0.278700
164	0.557400
165	0.803700
166	0.359700
167	1.214800
168	1.075900
169	0.301400
170	0.217100
171	0.330500
172	0.285200
173	0.226800
174	0.136100
175	1.214800
176	0.307900
177	0.437500
178	0.171700
179	0.226800
180	0.233300
181	0.437500
182	0.239800
183	0.855500
184	0.968900
185	0.194400
186	0.700000
187	0.262500
188	0.654600
