1	0.108200
2	0.162400
3	0.063700
4	0.063700
5	0.366100
6	0.296100
7	0.359700
8	0.073200
9	0.079600
10	0.321500
11	0.203700
12	0.248300
13	1.185100
14	1.185100
15	0.273800
16	0.251500
17	0.213300
18	0.238800
19	0.194200
20	0.264200
21	0.063700
22	0.000000
23	1.185100
24	0.000000
25	0.343800
26	1.185100
27	0.881900
28	0.385200
29	1.185100
30	1.185100
31	0.375700
32	0.044600
33	0.334300
34	0.050900
35	0.146400
36	0.397900
37	0.066900
38	0.413900
39	0.506200
40	0.630400
41	0.697200
42	0.054100
43	0.589000
44	0.226000
45	0.187800
46	0.595300
47	0.073200
48	0.070000
49	0.299300
50	0.417000
51	0.452100
52	0.805400
53	0.397900
54	0.856400
55	0.136900
56	0.159200
57	0.353400
58	0.391600
59	0.092300
60	0.098700
61	0.318400
62	0.194200
63	0.455300
64	0.111400
65	0.426600
66	0.347000
67	0.480700
68	0.350200
69	1.085600
70	0.996500
71	0.283300
72	0.184600
73	0.194200
74	0.159200
75	0.175100
76	0.264200
77	0.197400
78	0.194200
79	1.185100
80	1.185100
81	0.197400
82	1.174700
83	0.229200
84	0.818200
85	0.254700
86	0.343800
87	0.254700
88	0.098700
89	0.143300
90	1.133400
91	1.185100
92	1.133400
93	0.439300
94	0.292900
95	0.254700
96	0.302400
97	0.337500
98	0.273800
99	0.286500
100	0.082800
101	0.401100
102	1.185100
103	1.184300
104	0.289700
105	0.436200
106	0.932800
107	0.187800
108	0.795900
109	0.690800
110	1.185100
111	0.248300
112	0.646300
113	0.534800
114	0.226000
115	0.461600
116	1.185100
117	0.986900
118	1.185100
119	0.184600
120	0.458400
121	0.248300
122	0.206900
123	0.238800
124	0.127300
125	0.334300
126	0.340600
127	0.232400
128	0.506200
129	1.185100
130	0.152800
131	0.152800
132	1.072900
133	0.436200
134	0.213300
135	0.156000
136	0.213300
137	0.121000
138	0.318400
139	0.130500
140	0.117800
141	0.283300
142	0.394800
143	0.907300
144	0.165500
145	0.413900
146	1.185100
147	1.158800
148	0.375700
149	0.846800
150	0.280200
151	0.152800
152	0.273800
153	0.452100
154	0.066900
155	0.257900
156	0.098700
157	0.108200
158	0.401100
159	0.436200
160	0.620800
161	0.932800
162	0.458400
163	0.229200
164	0.499800
165	0.741800
166	0.270600
167	1.185100
168	1.060100
169	0.308800
170	0.229200
171	0.273800
172	0.334300
173	0.229200
174	0.178300
175	1.185100
176	0.254700
177	0.359700
178	0.159200
179	0.162400
180	0.149600
181	0.442500
182	0.216500
183	0.805400
184	0.837300
185	0.280200
186	0.598500
187	0.216500
188	0.678100
