1	0.096800
2	0.164100
3	0.064500
4	0.123700
5	0.408800
6	0.172100
7	0.293100
8	0.072600
9	0.104900
10	0.309300
11	0.156000
12	0.188300
13	0.882100
14	1.244500
15	0.260900
16	0.056500
17	0.293100
18	0.139800
19	0.188300
20	0.244700
21	0.123700
22	0.180200
23	0.513700
24	0.408800
25	0.285100
26	1.244500
27	1.086500
28	0.352300
29	1.244500
30	1.244500
31	0.204400
32	0.416900
33	0.685800
34	0.000000
35	1.244500
36	0.000000
37	0.104900
38	0.750300
39	0.766500
40	1.011200
41	1.244500
42	0.212500
43	1.244500
44	0.317300
45	0.196300
46	0.597000
47	0.032300
48	0.088700
49	0.392600
50	0.360400
51	0.433000
52	0.782600
53	0.449100
54	0.809500
55	0.131800
56	0.131800
57	0.441100
58	0.562100
59	0.032300
60	0.064500
61	0.293100
62	0.260900
63	0.376500
64	0.147900
65	0.285100
66	0.236700
67	0.554000
68	0.441100
69	0.970900
70	1.011200
71	0.309300
72	0.228600
73	0.180200
74	0.164100
75	0.147900
76	0.228600
77	0.080700
78	0.196300
79	1.244500
80	1.244500
81	0.147900
82	1.038100
83	0.188300
84	0.572800
85	0.244700
86	0.416900
87	0.204400
88	0.064500
89	0.204400
90	1.134900
91	1.244500
92	1.086500
93	0.441100
94	0.309300
95	0.204400
96	0.252800
97	0.268900
98	0.212500
99	0.196300
100	0.115600
101	0.400700
102	1.199500
103	0.954700
104	0.196300
105	0.433000
106	1.003100
107	0.196300
108	0.857900
109	0.833700
110	1.244500
111	0.139800
112	0.693900
113	0.473300
114	0.104900
115	0.416900
116	1.244500
117	0.857900
118	1.244500
119	0.180200
120	0.285100
121	0.147900
122	0.220500
123	0.172100
124	0.056500
125	0.277000
126	0.400700
127	0.277000
128	0.408800
129	1.244500
130	0.096800
131	0.172100
132	0.987000
133	0.384600
134	0.131800
135	0.115600
136	0.188300
137	0.088700
138	0.260900
139	0.088700
140	0.088700
141	0.228600
142	0.408800
143	0.774500
144	0.080700
145	0.333500
146	1.183300
147	0.987000
148	0.360400
149	0.653500
150	0.268900
151	0.104900
152	0.164100
153	0.441100
154	0.096800
155	0.228600
156	0.123700
157	0.048400
158	0.384600
159	0.481400
160	0.661600
161	0.766500
162	0.317300
163	0.236700
164	0.457200
165	0.758400
166	0.309300
167	1.244500
168	0.882100
169	0.252800
170	0.268900
171	0.268900
172	0.252800
173	0.212500
174	0.139800
175	1.244500
176	0.180200
177	0.293100
178	0.115600
179	0.180200
180	0.147900
181	0.433000
182	0.236700
183	0.562100
184	0.866000
185	0.172100
186	0.344200
187	0.204400
188	0.613200
