1	0.109500
2	0.136100
3	0.136100
4	0.088800
5	0.414200
6	0.171600
7	0.260400
8	0.062100
9	0.127200
10	0.325400
11	0.207100
12	0.260400
13	0.943800
14	1.196000
15	0.189300
16	0.044400
17	0.216000
18	0.118300
19	0.071000
20	0.278100
21	0.136100
22	0.109500
23	0.207100
24	0.550300
25	0.145000
26	1.196000
27	1.133100
28	0.304700
29	1.196000
30	1.196000
31	0.071000
32	0.062100
33	0.224900
34	0.118300
35	0.233700
36	0.189300
37	0.153800
38	0.748500
39	0.674600
40	0.568000
41	0.000000
42	1.196000
43	0.000000
44	0.550300
45	0.207100
46	0.748500
47	0.088800
48	0.079900
49	0.287000
50	0.432000
51	0.594700
52	0.952700
53	0.387600
54	0.846200
55	0.180500
56	0.079900
57	0.449700
58	0.414200
59	0.153800
60	0.242600
61	0.287000
62	0.207100
63	0.360900
64	0.153800
65	0.295900
66	0.304700
67	0.576900
68	0.313600
69	1.053300
70	1.196000
71	0.216000
72	0.118300
73	0.171600
74	0.233700
75	0.269200
76	0.216000
77	0.198200
78	0.224900
79	1.196000
80	1.196000
81	0.071000
82	1.159800
83	0.260400
84	0.837300
85	0.260400
86	0.180500
87	0.198200
88	0.127200
89	0.171600
90	1.159800
91	1.196000
92	1.035500
93	0.396400
94	0.295900
95	0.224900
96	0.242600
97	0.414200
98	0.260400
99	0.260400
100	0.035500
101	0.313600
102	1.196000
103	1.026600
104	0.216000
105	0.405300
106	1.106500
107	0.118300
108	1.079900
109	0.727800
110	1.196000
111	0.198200
112	0.559200
113	0.503000
114	0.224900
115	0.396400
116	1.196000
117	0.801800
118	1.196000
119	0.207100
120	0.295900
121	0.189300
122	0.251500
123	0.251500
124	0.109500
125	0.313600
126	0.325400
127	0.269200
128	0.476300
129	1.196000
130	0.162700
131	0.153800
132	1.044400
133	0.423100
134	0.153800
135	0.162700
136	0.251500
137	0.118300
138	0.405300
139	0.127200
140	0.088800
141	0.260400
142	0.440800
143	0.801800
144	0.162700
145	0.334300
146	1.196000
147	1.180500
148	0.423100
149	0.710100
150	0.343200
151	0.171600
152	0.224900
153	0.458600
154	0.035500
155	0.207100
156	0.079900
157	0.118300
158	0.494100
159	0.529600
160	0.621300
161	0.846200
162	0.387600
163	0.216000
164	0.440800
165	0.701200
166	0.352100
167	1.196000
168	0.991100
169	0.325400
170	0.278100
171	0.251500
172	0.334300
173	0.304700
174	0.153800
175	1.196000
176	0.198200
177	0.325400
178	0.171600
179	0.162700
180	0.127200
181	0.405300
182	0.189300
183	0.718900
184	0.784000
185	0.260400
186	0.594700
187	0.251500
188	0.647900
