1	0.101200
2	0.123600
3	0.123600
4	0.123600
5	0.278200
6	0.134900
7	0.289400
8	0.134900
9	0.089900
10	0.247300
11	0.146100
12	0.112400
13	0.949800
14	1.285500
15	0.258500
16	0.067400
17	0.134900
18	0.179800
19	0.078700
20	0.247300
21	0.078700
22	0.101200
23	0.356900
24	0.247300
25	0.146100
26	1.285500
27	1.095900
28	0.258500
29	1.285500
30	1.285500
31	0.089900
32	0.045000
33	0.213600
34	0.112400
35	0.045000
36	0.278200
37	0.157400
38	0.311900
39	0.525500
40	0.536700
41	0.893600
42	0.112400
43	0.682800
44	0.224800
45	0.123600
46	0.000000
47	1.285500
48	0.000000
49	1.285500
50	1.285500
51	0.761500
52	0.961000
53	0.739000
54	1.028400
55	0.224800
56	0.202300
57	0.525500
58	0.525500
59	0.179800
60	0.213600
61	0.379300
62	0.236000
63	0.236000
64	0.202300
65	0.368100
66	0.356900
67	0.547900
68	0.424300
69	1.285500
70	1.017200
71	0.323100
72	0.289400
73	0.202300
74	0.157400
75	0.300700
76	0.202300
77	0.157400
78	0.247300
79	1.285500
80	1.285500
81	0.157400
82	1.285500
83	0.269800
84	0.893600
85	0.191100
86	0.323100
87	0.101200
88	0.078700
89	0.278200
90	1.107100
91	1.285500
92	1.084600
93	0.480500
94	0.247300
95	0.191100
96	0.168600
97	0.323100
98	0.278200
99	0.300700
100	0.112400
101	0.368100
102	1.285500
103	0.949800
104	0.224800
105	0.413100
106	0.972200
107	0.157400
108	0.795200
109	0.682800
110	1.285500
111	0.247300
112	0.559200
113	0.547900
114	0.202300
115	0.390600
116	1.285500
117	0.727800
118	1.285500
119	0.202300
120	0.300700
121	0.168600
122	0.258500
123	0.213600
124	0.101200
125	0.247300
126	0.424300
127	0.345600
128	0.503000
129	1.285500
130	0.168600
131	0.179800
132	0.972200
133	0.503000
134	0.112400
135	0.168600
136	0.269800
137	0.101200
138	0.269800
139	0.146100
140	0.112400
141	0.213600
142	0.514200
143	0.882300
144	0.179800
145	0.424300
146	1.275700
147	0.938500
148	0.514200
149	0.859800
150	0.278200
151	0.157400
152	0.168600
153	0.356900
154	0.101200
155	0.247300
156	0.134900
157	0.067400
158	0.379300
159	0.559200
160	0.615400
161	0.859800
162	0.356900
163	0.224800
164	0.390600
165	0.649100
166	0.269800
167	1.285500
168	1.062100
169	0.300700
170	0.236000
171	0.390600
172	0.258500
173	0.168600
174	0.168600
175	1.285500
176	0.258500
177	0.401800
178	0.179800
179	0.168600
180	0.202300
181	0.446800
182	0.179800
183	0.826100
184	0.916000
185	0.258500
186	0.491700
187	0.311900
188	0.615400
