1	0.086700
2	0.057000
3	0.086700
4	0.052000
5	0.242900
6	0.171000
7	0.270200
8	0.042100
9	0.062000
10	0.218100
11	0.195800
12	0.133800
13	0.827800
14	1.286300
15	0.200800
16	0.062000
17	0.185900
18	0.114000
19	0.119000
20	0.228000
21	0.057000
22	0.138800
23	0.280100
24	0.428800
25	0.109100
26	1.286300
27	1.159900
28	0.247800
29	1.286300
30	1.286300
31	0.119000
32	0.032200
33	0.208200
34	0.057000
35	0.076800
36	0.290000
37	0.094200
38	0.324700
39	0.495700
40	0.661800
41	1.102900
42	0.094200
43	0.604800
44	0.138800
45	0.148700
46	0.622100
47	0.094200
48	0.089200
49	0.376700
50	0.381700
51	0.399000
52	0.765900
53	0.342000
54	0.000000
55	1.286300
56	0.000000
57	1.286300
58	1.286300
59	0.200800
60	0.237900
61	0.304900
62	0.257800
63	0.428800
64	0.057000
65	0.381700
66	0.399000
67	0.619600
68	0.409000
69	1.137600
70	1.286300
71	0.257800
72	0.138800
73	0.151200
74	0.171000
75	0.233000
76	0.190800
77	0.237900
78	0.190800
79	1.286300
80	1.286300
81	0.161100
82	1.085600
83	0.205700
84	0.775800
85	0.265200
86	0.342000
87	0.180900
88	0.042100
89	0.223100
90	1.286300
91	1.286300
92	1.142600
93	0.351900
94	0.252800
95	0.270200
96	0.200800
97	0.394100
98	0.223100
99	0.384200
100	0.089200
101	0.394100
102	1.286300
103	1.261600
104	0.200800
105	0.384200
106	1.117800
107	0.180900
108	0.822900
109	0.708800
110	1.286300
111	0.171000
112	0.609700
113	0.684100
114	0.205700
115	0.361900
116	1.286300
117	0.785700
118	1.122800
119	0.114000
120	0.371800
121	0.247800
122	0.280100
123	0.270200
124	0.076800
125	0.208200
126	0.518000
127	0.337100
128	0.404000
129	1.286300
130	0.094200
131	0.086700
132	0.941800
133	0.342000
134	0.190800
135	0.148700
136	0.233000
137	0.076800
138	0.247800
139	0.104100
140	0.071900
141	0.208200
142	0.381700
143	0.780700
144	0.099100
145	0.290000
146	0.998800
147	0.974000
148	0.413900
149	0.837700
150	0.275100
151	0.143800
152	0.309800
153	0.381700
154	0.047100
155	0.223100
156	0.071900
157	0.081800
158	0.366800
159	0.495700
160	0.609700
161	0.832800
162	0.381700
163	0.285000
164	0.518000
165	0.770800
166	0.237900
167	1.286300
168	0.847600
169	0.247800
170	0.190800
171	0.200800
172	0.228000
173	0.195800
174	0.119000
175	1.286300
176	0.213200
177	0.290000
178	0.071900
179	0.138800
180	0.128900
181	0.332100
182	0.176000
183	0.689000
184	0.746000
185	0.275100
186	0.475900
187	0.223100
188	0.560100
