1	0.119700
2	0.114700
3	0.067400
4	0.079800
5	0.294400
6	0.179600
7	0.214500
8	0.109800
9	0.057400
10	0.314300
11	0.132200
12	0.179600
13	0.668500
14	1.277200
15	0.157200
16	0.052400
17	0.184600
18	0.072300
19	0.089800
20	0.194600
21	0.032400
22	0.132200
23	0.361700
24	0.247000
25	0.104800
26	1.301800
27	1.030200
28	0.266900
29	1.301800
30	1.301800
31	0.094800
32	0.057400
33	0.219500
34	0.032400
35	0.084800
36	0.294400
37	0.089800
38	0.331800
39	0.394100
40	0.631100
41	0.910500
42	0.047400
43	0.513900
44	0.137200
45	0.179600
46	0.815700
47	0.094800
48	0.084800
49	0.783300
50	1.162400
51	0.478900
52	1.301800
53	0.309300
54	0.593700
55	0.000000
56	1.301800
57	0.000000
58	1.301800
59	0.174600
60	0.321800
61	0.451500
62	0.179600
63	0.441500
64	0.209500
65	0.850600
66	0.356700
67	0.531300
68	0.341700
69	0.982800
70	1.301800
71	0.256900
72	0.209500
73	0.194600
74	0.142200
75	0.157200
76	0.194600
77	0.227000
78	0.179600
79	1.301800
80	1.301800
81	0.184600
82	1.097600
83	0.251900
84	0.725900
85	0.174600
86	0.251900
87	0.152200
88	0.094800
89	0.147200
90	1.301800
91	1.301800
92	1.087600
93	0.326800
94	0.251900
95	0.251900
96	0.247000
97	0.321800
98	0.227000
99	0.204500
100	0.104800
101	0.284400
102	1.301800
103	0.997800
104	0.194600
105	0.394100
106	0.977800
107	0.167100
108	0.835700
109	0.641100
110	1.301800
111	0.152200
112	0.551300
113	0.608700
114	0.209500
115	0.309300
116	1.301800
117	0.783300
118	1.301800
119	0.219500
120	0.279400
121	0.219500
122	0.209500
123	0.162100
124	0.109800
125	0.209500
126	0.404100
127	0.441500
128	0.389100
129	1.301800
130	0.157200
131	0.119700
132	1.035200
133	0.389100
134	0.147200
135	0.127200
136	0.209500
137	0.089800
138	0.251900
139	0.079800
140	0.127200
141	0.247000
142	0.451500
143	0.740900
144	0.099800
145	0.326800
146	1.110100
147	1.030200
148	0.321800
149	0.673500
150	0.227000
151	0.152200
152	0.266900
153	0.394100
154	0.089800
155	0.199600
156	0.079800
157	0.072300
158	0.394100
159	0.399100
160	0.693500
161	0.835700
162	0.341700
163	0.247000
164	0.421600
165	0.688500
166	0.194600
167	1.301800
168	0.962900
169	0.256900
170	0.127200
171	0.174600
172	0.209500
173	0.189600
174	0.079800
175	1.301800
176	0.209500
177	0.326800
178	0.104800
179	0.147200
180	0.119700
181	0.409100
182	0.174600
183	0.763300
184	0.788300
185	0.251900
186	0.483900
187	0.227000
188	0.513900
