1	0.132100
2	0.126700
3	0.099700
4	0.040400
5	0.250600
6	0.223700
7	0.277600
8	0.040400
9	0.053900
10	0.218300
11	0.191300
12	0.191300
13	0.733000
14	1.292900
15	0.132100
16	0.086200
17	0.231800
18	0.099700
19	0.126700
20	0.283000
21	0.099700
22	0.113200
23	0.318000
24	0.296400
25	0.105100
26	1.292900
27	1.164200
28	0.318000
29	1.292900
30	1.292900
31	0.113200
32	0.072800
33	0.177900
34	0.053900
35	0.118600
36	0.331500
37	0.086200
38	0.283000
39	0.509400
40	0.450100
41	0.819300
42	0.113200
43	0.549800
44	0.164400
45	0.118600
46	0.687200
47	0.118600
48	0.078200
49	0.363800
50	0.264100
51	0.549800
52	0.805800
53	0.409600
54	0.792300
55	0.078200
56	0.264100
57	0.350300
58	0.463500
59	0.250600
60	0.210200
61	0.258700
62	0.078200
63	0.000000
64	1.292900
65	0.000000
66	1.078000
67	0.886700
68	0.536300
69	1.292900
70	1.292900
71	0.528200
72	0.641400
73	0.237200
74	0.309900
75	0.218300
76	0.210200
77	0.191300
78	0.191300
79	1.292900
80	1.292900
81	0.177900
82	1.261300
83	0.218300
84	0.892000
85	0.377300
86	0.363800
87	0.549800
88	0.126700
89	0.199400
90	1.292900
91	1.292900
92	1.292900
93	0.350300
94	0.258700
95	0.283000
96	0.304500
97	0.442000
98	0.250600
99	0.277600
100	0.099700
101	0.345000
102	1.292900
103	1.255900
104	0.245200
105	0.423100
106	1.037600
107	0.145500
108	0.924400
109	0.622500
110	1.292900
111	0.218300
112	0.786900
113	0.673700
114	0.199400
115	0.396200
116	1.292900
117	1.051000
118	1.292900
119	0.199400
120	0.331500
121	0.296400
122	0.199400
123	0.199400
124	0.045800
125	0.177900
126	0.428500
127	0.231800
128	0.477000
129	1.292900
130	0.159000
131	0.078200
132	0.924400
133	0.318000
134	0.113200
135	0.126700
136	0.204800
137	0.113200
138	0.245200
139	0.067400
140	0.078200
141	0.210200
142	0.490500
143	0.714200
144	0.078200
145	0.355700
146	1.078000
147	1.118400
148	0.350300
149	0.627900
150	0.291100
151	0.177900
152	0.277600
153	0.355700
154	0.099700
155	0.264100
156	0.067400
157	0.078200
158	0.396200
159	0.442000
160	0.514700
161	0.937900
162	0.369200
163	0.237200
164	0.468900
165	0.641400
166	0.159000
167	1.292900
168	0.945900
169	0.218300
170	0.245200
171	0.237200
172	0.258700
173	0.258700
174	0.191300
175	1.292900
176	0.218300
177	0.231800
178	0.126700
179	0.132100
180	0.118600
181	0.350300
182	0.237200
183	0.819300
184	0.700700
185	0.250600
186	0.495900
187	0.199400
188	0.681800
