1	0.099500
2	0.099500
3	0.056000
4	0.059100
5	0.254900
6	0.139900
7	0.329500
8	0.056000
9	0.074600
10	0.351300
11	0.136800
12	0.164700
13	0.867300
14	1.261200
15	0.230000
16	0.090100
17	0.220700
18	0.090100
19	0.099500
20	0.230000
21	0.059100
22	0.149200
23	0.419600
24	0.310800
25	0.124300
26	1.261200
27	1.261200
28	0.401000
29	1.261200
30	1.261200
31	0.090100
32	0.049700
33	0.146100
34	0.083900
35	0.108800
36	0.251800
37	0.083900
38	0.345000
39	0.525300
40	0.581300
41	0.938700
42	0.096400
43	0.631000
44	0.164700
45	0.161600
46	0.575100
47	0.090100
48	0.108800
49	0.354400
50	0.394800
51	0.472500
52	0.711800
53	0.407200
54	0.932500
55	0.161600
56	0.186500
57	0.351300
58	0.394800
59	0.161600
60	0.136800
61	0.264200
62	0.205200
63	0.407200
64	0.180300
65	0.450700
66	0.382300
67	0.500500
68	0.481800
69	1.261200
70	1.261200
71	0.882800
72	0.000000
73	1.261200
74	0.000000
75	0.547100
76	0.615500
77	0.292200
78	0.174100
79	1.261200
80	1.261200
81	0.220700
82	1.261200
83	0.245600
84	0.820600
85	0.326400
86	0.441400
87	0.189600
88	0.115000
89	0.180300
90	1.261200
91	1.261200
92	1.258900
93	0.360600
94	0.301500
95	0.205200
96	0.279800
97	0.385400
98	0.264200
99	0.286000
100	0.124300
101	0.447600
102	1.261200
103	1.221600
104	0.351300
105	0.376100
106	1.047500
107	0.180300
108	0.997800
109	0.792600
110	1.261200
111	0.195800
112	0.680700
113	0.603000
114	0.226900
115	0.516000
116	1.261200
117	0.976000
118	1.261200
119	0.220700
120	0.351300
121	0.230000
122	0.286000
123	0.251800
124	0.099500
125	0.310800
126	0.341900
127	0.254900
128	0.491100
129	1.261200
130	0.164700
131	0.130600
132	1.072400
133	0.407200
134	0.205200
135	0.139900
136	0.276700
137	0.115000
138	0.245600
139	0.136800
140	0.065300
141	0.286000
142	0.416500
143	0.885900
144	0.121200
145	0.401000
146	1.261200
147	1.153200
148	0.410300
149	0.963600
150	0.279800
151	0.174100
152	0.226900
153	0.376100
154	0.056000
155	0.239300
156	0.083900
157	0.059100
158	0.360600
159	0.360600
160	0.742900
161	0.885900
162	0.385400
163	0.164700
164	0.497300
165	0.811300
166	0.236200
167	1.261200
168	1.131500
169	0.326400
170	0.211400
171	0.270400
172	0.317100
173	0.226900
174	0.171000
175	1.261200
176	0.239300
177	0.376100
178	0.136800
179	0.139900
180	0.186500
181	0.410300
182	0.245600
183	0.857900
184	0.926300
185	0.220700
186	0.506700
187	0.230000
188	0.637200
