1	0.097800
2	0.081900
3	0.081900
4	0.137400
5	0.243100
6	0.203500
7	0.332900
8	0.055500
9	0.047600
10	0.332900
11	0.195500
12	0.129500
13	0.663200
14	1.358800
15	0.187600
16	0.097800
17	0.243100
18	0.105700
19	0.097800
20	0.169100
21	0.047600
22	0.047600
23	0.290600
24	0.251000
25	0.113600
26	1.358800
27	1.046300
28	0.211400
29	1.358800
30	1.358800
31	0.074000
32	0.066100
33	0.129500
34	0.039600
35	0.113600
36	0.235200
37	0.097800
38	0.251000
39	0.502000
40	0.697500
41	0.776800
42	0.031700
43	0.494100
44	0.177000
45	0.137400
46	0.631500
47	0.081900
48	0.074000
49	0.161200
50	0.340800
51	0.430700
52	0.761000
53	0.412200
54	0.784700
55	0.153200
56	0.161200
57	0.356700
58	0.462400
59	0.055500
60	0.113600
61	0.161200
62	0.187600
63	0.404300
64	0.121500
65	0.325000
66	0.282700
67	0.533700
68	0.356700
69	0.827000
70	1.313200
71	0.227200
72	0.169100
73	0.203500
74	0.187600
75	0.169100
76	0.137400
77	0.097800
78	0.195500
79	1.358800
80	1.358800
81	0.219300
82	1.358800
83	0.203500
84	0.647300
85	0.203500
86	0.258900
87	0.438600
88	0.153200
89	0.258900
90	1.358800
91	1.358800
92	1.175800
93	0.266900
94	0.258900
95	0.219300
96	0.599800
97	0.396300
98	0.509900
99	0.000000
100	1.358800
101	0.000000
102	1.358800
103	1.358800
104	0.438600
105	0.858700
106	1.358800
107	0.161200
108	1.141400
109	0.721300
110	1.358800
111	0.298600
112	0.713400
113	0.729300
114	0.274800
115	0.462400
116	1.358800
117	0.882500
118	1.352800
119	0.169100
120	0.372600
121	0.145300
122	0.187600
123	0.251000
124	0.113600
125	0.274800
126	0.438600
127	0.309100
128	0.430700
129	1.358800
130	0.113600
131	0.055500
132	0.842900
133	0.430700
134	0.145300
135	0.121500
136	0.161200
137	0.105700
138	0.356700
139	0.074000
140	0.081900
141	0.298600
142	0.446500
143	0.803200
144	0.089800
145	0.317100
146	1.012000
147	1.070100
148	0.348800
149	0.924800
150	0.348800
151	0.105700
152	0.309100
153	0.290600
154	0.055500
155	0.317100
156	0.089800
157	0.081900
158	0.430700
159	0.607700
160	0.745100
161	0.898400
162	0.356700
163	0.274800
164	0.412200
165	0.834900
166	0.251000
167	1.358800
168	1.117700
169	0.251000
170	0.211400
171	0.227200
172	0.251000
173	0.195500
174	0.129500
175	1.358800
176	0.195500
177	0.309100
178	0.169100
179	0.235200
180	0.121500
181	0.380500
182	0.258900
183	0.776800
184	0.898400
185	0.161200
186	0.517900
187	0.203500
188	0.761000
