1	0.111500
2	0.137000
3	0.057300
4	0.098700
5	0.334500
6	0.172000
7	0.318500
8	0.054200
9	0.086000
10	0.359900
11	0.181600
12	0.210200
13	1.032000
14	1.205600
15	0.232500
16	0.076400
17	0.175200
18	0.086000
19	0.073300
20	0.264400
21	0.051000
22	0.117900
23	0.439600
24	0.340800
25	0.149700
26	1.205600
27	1.205600
28	0.430000
29	1.205600
30	1.205600
31	0.086000
32	0.025500
33	0.200700
34	0.051000
35	0.101900
36	0.375900
37	0.070100
38	0.388600
39	0.544700
40	0.672100
41	0.920600
42	0.108300
43	0.608400
44	0.178400
45	0.165600
46	0.656200
47	0.089200
48	0.057300
49	0.267600
50	0.442800
51	0.503300
52	0.891900
53	0.430000
54	0.958800
55	0.172000
56	0.149700
57	0.385400
58	0.455500
59	0.098700
60	0.108300
61	0.267600
62	0.197500
63	0.449100
64	0.146500
65	0.398200
66	0.347200
67	0.582900
68	0.401300
69	1.041600
70	1.172200
71	0.305800
72	0.178400
73	0.197500
74	0.178400
75	0.168800
76	0.187900
77	0.194300
78	0.181600
79	1.205600
80	1.205600
81	0.175200
82	1.205600
83	0.232500
84	0.732600
85	0.299400
86	0.344000
87	0.207000
88	0.086000
89	0.194300
90	1.205600
91	1.205600
92	1.067100
93	0.375900
94	0.245300
95	0.277100
96	0.267600
97	0.391800
98	0.248500
99	0.267600
100	0.108300
101	0.398200
102	1.205600
103	1.205600
104	0.270800
105	0.433200
106	1.060700
107	0.184700
108	0.952400
109	0.799500
110	1.205600
111	0.194300
112	0.700800
113	0.567000
114	0.261200
115	0.474600
116	1.205600
117	1.063900
118	1.205600
119	0.273900
120	0.430000
121	0.248500
122	0.385400
123	0.331300
124	0.156100
125	0.439600
126	0.328100
127	0.000000
128	1.205600
129	0.000000
130	0.442800
131	0.506500
132	1.205600
133	0.754900
134	0.219800
135	0.210200
136	0.289900
137	0.165600
138	0.309000
139	0.133800
140	0.095600
141	0.270800
142	0.519200
143	1.006600
144	0.172000
145	0.407700
146	1.205600
147	1.178600
148	0.391800
149	0.904600
150	0.407700
151	0.184700
152	0.254800
153	0.430000
154	0.086000
155	0.280300
156	0.063700
157	0.111500
158	0.512800
159	0.455500
160	0.713500
161	0.930100
162	0.420500
163	0.280300
164	0.541500
165	0.761300
166	0.293000
167	1.205600
168	1.057500
169	0.344000
170	0.223000
171	0.267600
172	0.331300
173	0.258000
174	0.133800
175	1.205600
176	0.309000
177	0.398200
178	0.172000
179	0.172000
180	0.172000
181	0.490500
182	0.216600
183	0.860000
184	0.901400
185	0.273900
186	0.531900
187	0.248500
188	0.649800
