1	0.122500
2	0.093500
3	0.116100
4	0.093500
5	0.245100
6	0.164500
7	0.328900
8	0.035500
9	0.106400
10	0.403100
11	0.193500
12	0.199900
13	1.070600
14	1.204400
15	0.199900
16	0.087100
17	0.229000
18	0.135400
19	0.077400
20	0.199900
21	0.051600
22	0.145100
23	0.467600
24	0.322500
25	0.093500
26	1.204400
27	0.919000
28	0.509500
29	1.204400
30	1.204400
31	0.122500
32	0.029000
33	0.187000
34	0.070900
35	0.151600
36	0.422400
37	0.116100
38	0.345000
39	0.503000
40	0.632000
41	0.819100
42	0.122500
43	0.632000
44	0.145100
45	0.180600
46	0.580400
47	0.116100
48	0.077400
49	0.258000
50	0.551400
51	0.503000
52	0.790000
53	0.480500
54	0.777100
55	0.129000
56	0.164500
57	0.287000
58	0.451500
59	0.100000
60	0.106400
61	0.264400
62	0.235400
63	0.393400
64	0.087100
65	0.480500
66	0.328900
67	0.432100
68	0.338600
69	0.983500
70	1.119000
71	0.280500
72	0.164500
73	0.187000
74	0.164500
75	0.338600
76	0.158000
77	0.264400
78	0.199900
79	1.204400
80	1.204400
81	0.135400
82	1.204400
83	0.245100
84	0.890000
85	0.316000
86	0.345000
87	0.274100
88	0.116100
89	0.129000
90	1.041600
91	1.204400
92	1.141500
93	0.445000
94	0.235400
95	0.235400
96	0.345000
97	0.316000
98	0.251500
99	0.264400
100	0.051600
101	0.351500
102	1.204400
103	1.164100
104	0.280500
105	0.467600
106	1.012500
107	0.229000
108	0.925500
109	0.890000
110	1.204400
111	0.235400
112	0.632000
113	0.467600
114	0.199900
115	0.416000
116	1.204400
117	0.941600
118	1.204400
119	0.274100
120	0.480500
121	0.258000
122	0.258000
123	0.229000
124	0.164500
125	0.316000
126	0.403100
127	0.216100
128	1.204400
129	0.802900
130	0.000000
131	1.204400
132	0.000000
133	0.480500
134	0.251500
135	0.322500
136	0.258000
137	0.135400
138	0.199900
139	0.180600
140	0.122500
141	0.293400
142	0.445000
143	0.877100
144	0.106400
145	0.461100
146	1.204400
147	1.193100
148	0.474000
149	0.896500
150	0.280500
151	0.180600
152	0.322500
153	0.503000
154	0.135400
155	0.293400
156	0.077400
157	0.106400
158	0.445000
159	0.503000
160	0.783600
161	1.025400
162	0.393400
163	0.280500
164	0.532100
165	0.725500
166	0.187000
167	1.204400
168	0.906100
169	0.351500
170	0.235400
171	0.264400
172	0.322500
173	0.216100
174	0.222500
175	1.204400
176	0.274100
177	0.322500
178	0.170900
179	0.129000
180	0.187000
181	0.461100
182	0.338600
183	0.983500
184	0.896500
185	0.258000
186	0.619100
187	0.345000
188	0.703000
