1	0.121500
2	0.182200
3	0.060700
4	0.139700
5	0.206500
6	0.130600
7	0.276300
8	0.060700
9	0.051600
10	0.276300
11	0.197400
12	0.191300
13	0.950300
14	1.199700
15	0.206500
16	0.130600
17	0.215600
18	0.130600
19	0.033400
20	0.206500
21	0.069800
22	0.085000
23	0.482800
24	0.303600
25	0.112300
26	1.199700
27	1.011100
28	0.242900
29	1.199700
30	1.199700
31	0.051600
32	0.060700
33	0.191300
34	0.060700
35	0.094100
36	0.285400
37	0.051600
38	0.406900
39	0.552600
40	0.552600
41	0.874400
42	0.121500
43	0.570800
44	0.164000
45	0.182200
46	0.579900
47	0.112300
48	0.051600
49	0.294500
50	0.440300
51	0.476700
52	0.683200
53	0.303600
54	0.838000
55	0.191300
56	0.130600
57	0.364400
58	0.406900
59	0.139700
60	0.112300
61	0.285400
62	0.191300
63	0.649800
64	0.085000
65	0.425100
66	0.276300
67	0.476700
68	0.355200
69	0.707400
70	1.114300
71	0.267200
72	0.215600
73	0.233800
74	0.121500
75	0.224700
76	0.191300
77	0.173100
78	0.215600
79	1.199700
80	1.199700
81	0.242900
82	1.114300
83	0.285400
84	0.777300
85	0.233800
86	0.303600
87	0.233800
88	0.085000
89	0.215600
90	1.141600
91	1.199700
92	1.047500
93	0.285400
94	0.312700
95	0.173100
96	0.258100
97	0.406900
98	0.285400
99	0.215600
100	0.078900
101	0.364400
102	1.199700
103	1.099100
104	0.346100
105	0.543500
106	1.132500
107	0.121500
108	0.898700
109	0.795500
110	1.199700
111	0.233800
112	0.640700
113	0.537400
114	0.197400
115	0.318800
116	1.199700
117	1.011100
118	1.199700
119	0.139700
120	0.388600
121	0.242900
122	0.276300
123	0.318800
124	0.078900
125	0.258100
126	0.303600
127	0.173100
128	0.579900
129	1.199700
130	0.164000
131	0.215600
132	0.986800
133	0.482800
134	0.154800
135	0.206500
136	0.258100
137	0.103200
138	0.000000
139	1.199700
140	0.000000
141	0.130600
142	0.355200
143	1.199700
144	0.121500
145	0.467600
146	1.199700
147	1.199700
148	0.327900
149	1.123400
150	0.318800
151	0.224700
152	0.215600
153	0.622400
154	0.103200
155	0.346100
156	0.094100
157	0.139700
158	0.552600
159	0.528300
160	0.655800
161	0.935200
162	0.416000
163	0.197400
164	0.552600
165	0.762100
166	0.294500
167	1.199700
168	0.926100
169	0.312700
170	0.173100
171	0.276300
172	0.252000
173	0.303600
174	0.139700
175	1.199700
176	0.379500
177	0.318800
178	0.139700
179	0.145700
180	0.154800
181	0.431100
182	0.206500
183	0.701400
184	0.762100
185	0.258100
186	0.595100
187	0.182200
188	0.640700
