1	0.050300
2	0.106100
3	0.061400
4	0.092200
5	0.242900
6	0.148000
7	0.279200
8	0.061400
9	0.069800
10	0.282000
11	0.106100
12	0.117300
13	0.921500
14	1.184000
15	0.187100
16	0.094900
17	0.142400
18	0.092200
19	0.069800
20	0.167500
21	0.111700
22	0.136800
23	0.335100
24	0.304400
25	0.100500
26	1.231500
27	1.128100
28	0.368600
29	1.231500
30	1.231500
31	0.075400
32	0.030700
33	0.192700
34	0.050300
35	0.067000
36	0.279200
37	0.061400
38	0.256900
39	0.435600
40	0.606000
41	0.798600
42	0.094900
43	0.485900
44	0.206600
45	0.156400
46	0.522200
47	0.069800
48	0.036300
49	0.298800
50	0.368600
51	0.329500
52	0.661800
53	0.368600
54	0.692500
55	0.150800
56	0.148000
57	0.323900
58	0.343500
59	0.061400
60	0.069800
61	0.229000
62	0.175900
63	0.480300
64	0.136800
65	0.337900
66	0.307200
67	0.435600
68	0.312800
69	0.910300
70	1.097400
71	0.231800
72	0.187100
73	0.175900
74	0.148000
75	0.156400
76	0.167500
77	0.167500
78	0.231800
79	1.231500
80	1.231500
81	0.148000
82	1.097400
83	0.212200
84	0.703700
85	0.223400
86	0.254100
87	0.198300
88	0.086600
89	0.120100
90	1.108600
91	1.231500
92	1.077900
93	0.282000
94	0.287600
95	0.167500
96	0.262500
97	0.418900
98	0.231800
99	0.323900
100	0.067000
101	0.273700
102	1.231500
103	1.072300
104	0.248500
105	0.435600
106	0.985700
107	0.181500
108	0.896400
109	0.896400
110	1.231500
111	0.187100
112	0.767900
113	0.586400
114	0.162000
115	0.424400
116	1.231500
117	0.910300
118	1.231500
119	0.142400
120	0.444000
121	0.217800
122	0.142400
123	0.212200
124	0.081000
125	0.304400
126	0.329500
127	0.229000
128	0.460800
129	1.231500
130	0.117300
131	0.125700
132	0.991300
133	0.435600
134	0.156400
135	0.156400
136	0.206600
137	0.156400
138	0.282000
139	0.131200
140	0.069800
141	0.217800
142	0.354600
143	0.815400
144	0.231800
145	0.505400
146	0.804200
147	0.915900
148	0.628300
149	0.667400
150	0.000000
151	1.231500
152	0.000000
153	0.728800
154	0.237400
155	0.418900
156	0.136800
157	0.156400
158	0.480300
159	0.586400
160	0.617100
161	0.915900
162	0.424400
163	0.312800
164	0.555700
165	0.798600
166	0.379800
167	1.231500
168	1.041600
169	0.318300
170	0.192700
171	0.385400
172	0.318300
173	0.167500
174	0.156400
175	1.231500
176	0.363000
177	0.307200
178	0.131200
179	0.187100
180	0.150800
181	0.460800
182	0.175900
183	0.684100
184	0.848900
185	0.223400
186	0.441200
187	0.175900
188	0.580800
