1	0.096400
2	0.172300
3	0.108000
4	0.128500
5	0.204400
6	0.172300
7	0.388300
8	0.108000
9	0.055500
10	0.227700
11	0.128500
12	0.204400
13	1.059900
14	1.214200
15	0.163500
16	0.064200
17	0.227700
18	0.055500
19	0.119700
20	0.163500
21	0.064200
22	0.119700
23	0.312400
24	0.356200
25	0.075900
26	1.214200
27	0.972300
28	0.280300
29	1.214200
30	1.214200
31	0.032100
32	0.011700
33	0.151800
34	0.043800
35	0.128500
36	0.236500
37	0.055500
38	0.280300
39	0.452600
40	0.583900
41	0.832100
42	0.043800
43	0.616100
44	0.172300
45	0.151800
46	0.583900
47	0.096400
48	0.064200
49	0.227700
50	0.344500
51	0.487600
52	1.027700
53	0.420400
54	0.811700
55	0.108000
56	0.183900
57	0.367900
58	0.411700
59	0.043800
60	0.119700
61	0.204400
62	0.216100
63	0.411700
64	0.163500
65	0.216100
66	0.280300
67	0.528500
68	0.367900
69	0.896400
70	1.124100
71	0.204400
72	0.216100
73	0.119700
74	0.204400
75	0.064200
76	0.204400
77	0.108000
78	0.236500
79	1.214200
80	1.214200
81	0.183900
82	1.214200
83	0.248200
84	0.832100
85	0.163500
86	0.324100
87	0.259900
88	0.128500
89	0.259900
90	1.214200
91	1.214200
92	1.144500
93	0.236500
94	0.292000
95	0.236500
96	0.259900
97	0.411700
98	0.248200
99	0.280300
100	0.075900
101	0.356200
102	1.214200
103	1.211700
104	0.356200
105	0.411700
106	0.788300
107	0.183900
108	0.983900
109	0.995600
110	1.214200
111	0.280300
112	0.779600
113	0.671500
114	0.227700
115	0.475900
116	1.214200
117	1.048200
118	1.214200
119	0.271500
120	0.420400
121	0.259900
122	0.163500
123	0.280300
124	0.172300
125	0.227700
126	0.344500
127	0.248200
128	0.452600
129	1.214200
130	0.140100
131	0.204400
132	1.144500
133	0.324100
134	0.163500
135	0.140100
136	0.280300
137	0.163500
138	0.227700
139	0.128500
140	0.140100
141	0.312400
142	0.344500
143	0.779600
144	0.236500
145	0.411700
146	1.179600
147	1.027700
148	0.508000
149	0.735800
150	0.335800
151	0.508000
152	0.367900
153	0.000000
154	1.214200
155	0.000000
156	0.108000
157	0.183900
158	0.519700
159	0.432100
160	0.604400
161	0.896400
162	0.411700
163	0.292000
164	0.779600
165	1.214200
166	0.324100
167	1.214200
168	1.214200
169	0.464200
170	0.248200
171	0.324100
172	0.356200
173	0.195600
174	0.140100
175	1.214200
176	0.259900
177	0.271500
178	0.216100
179	0.195600
180	0.236500
181	0.563500
182	0.236500
183	0.811700
184	0.680300
185	0.204400
186	0.572300
187	0.280300
188	0.671500
