1	0.109600
2	0.145100
3	0.080600
4	0.074200
5	0.303100
6	0.151600
7	0.348300
8	0.041900
9	0.061300
10	0.306300
11	0.187000
12	0.174100
13	0.989900
14	1.229000
15	0.241800
16	0.070900
17	0.248300
18	0.090300
19	0.087100
20	0.232200
21	0.064500
22	0.125800
23	0.409500
24	0.319200
25	0.190300
26	1.229000
27	1.229000
28	0.409500
29	1.229000
30	1.229000
31	0.083800
32	0.051600
33	0.235400
34	0.045100
35	0.096700
36	0.303100
37	0.109600
38	0.390200
39	0.522400
40	0.635200
41	0.919000
42	0.112900
43	0.557900
44	0.225700
45	0.187000
46	0.538500
47	0.083800
48	0.058000
49	0.277300
50	0.403100
51	0.377300
52	0.815800
53	0.403100
54	0.890000
55	0.161200
56	0.151600
57	0.403100
58	0.470800
59	0.077400
60	0.116100
61	0.328900
62	0.222500
63	0.396600
64	0.103200
65	0.390200
66	0.325700
67	0.464300
68	0.328900
69	1.041500
70	1.229000
71	0.316000
72	0.164500
73	0.203100
74	0.145100
75	0.209600
76	0.212800
77	0.164500
78	0.206400
79	1.229000
80	1.229000
81	0.180600
82	1.228600
83	0.245100
84	0.825500
85	0.277300
86	0.386900
87	0.245100
88	0.096700
89	0.190300
90	1.229000
91	1.229000
92	1.109300
93	0.322500
94	0.274100
95	0.258000
96	0.299900
97	0.406300
98	0.364400
99	0.296700
100	0.096700
101	0.386900
102	1.229000
103	1.202800
104	0.241800
105	0.451400
106	1.086700
107	0.193500
108	1.102800
109	0.819000
110	1.229000
111	0.264400
112	0.677200
113	0.590100
114	0.228900
115	0.377300
116	1.229000
117	0.938400
118	1.229000
119	0.196700
120	0.438500
121	0.222500
122	0.238600
123	0.258000
124	0.106400
125	0.316000
126	0.412700
127	0.248300
128	0.528800
129	1.229000
130	0.174100
131	0.151600
132	1.229000
133	0.483700
134	0.216000
135	0.145100
136	0.212800
137	0.129000
138	0.354700
139	0.112900
140	0.129000
141	0.325700
142	0.416000
143	1.022200
144	0.183800
145	0.422400
146	1.229000
147	1.229000
148	0.474000
149	0.848100
150	0.380500
151	0.196700
152	0.319200
153	0.477200
154	0.132200
155	0.306300
156	0.112900
157	0.103200
158	0.454700
159	0.503000
160	0.667500
161	0.954500
162	0.406300
163	0.419200
164	0.522400
165	0.722300
166	0.648100
167	1.229000
168	0.000000
169	1.229000
170	0.000000
171	0.406300
172	0.980300
173	0.293400
174	0.158000
175	1.229000
176	0.332100
177	0.338600
178	0.132200
179	0.209600
180	0.180600
181	0.541700
182	0.222500
183	0.915800
184	0.944800
185	0.306300
186	0.783600
187	0.267600
188	0.802900
