1	0.128100
2	0.162800
3	0.097000
4	0.097000
5	0.367100
6	0.252800
7	0.401700
8	0.038100
9	0.107400
10	0.387900
11	0.187000
12	0.252800
13	1.177400
14	1.186500
15	0.263200
16	0.103900
17	0.218200
18	0.103900
19	0.083100
20	0.232000
21	0.083100
22	0.152400
23	0.405200
24	0.353200
25	0.148900
26	1.186500
27	1.186500
28	0.422500
29	1.186500
30	1.186500
31	0.114300
32	0.055400
33	0.187000
34	0.079600
35	0.107400
36	0.370500
37	0.097000
38	0.401700
39	0.595600
40	0.768800
41	1.080500
42	0.121200
43	0.574900
44	0.187000
45	0.162800
46	0.619900
47	0.121200
48	0.062300
49	0.315100
50	0.408600
51	0.526400
52	0.796500
53	0.439800
54	1.056200
55	0.204300
56	0.187000
57	0.308200
58	0.550600
59	0.131600
60	0.128100
61	0.322100
62	0.190500
63	0.498700
64	0.131600
65	0.367100
66	0.349800
67	0.505600
68	0.342800
69	1.139300
70	1.186500
71	0.287400
72	0.207800
73	0.200900
74	0.197400
75	0.190500
76	0.232000
77	0.200900
78	0.173200
79	1.186500
80	1.186500
81	0.218200
82	1.186500
83	0.207800
84	0.872700
85	0.218200
86	0.370500
87	0.263200
88	0.107400
89	0.204300
90	1.186500
91	1.186500
92	1.186500
93	0.401700
94	0.273600
95	0.270100
96	0.315100
97	0.522900
98	0.235500
99	0.384400
100	0.107400
101	0.505600
102	1.186500
103	1.139300
104	0.315100
105	0.488300
106	1.163600
107	0.200900
108	1.077000
109	0.872700
110	1.186500
111	0.263200
112	0.703000
113	0.592200
114	0.263200
115	0.405200
116	1.186500
117	1.077000
118	1.186500
119	0.256300
120	0.488300
121	0.252800
122	0.235500
123	0.232000
124	0.135100
125	0.290900
126	0.353200
127	0.315100
128	0.536800
129	1.186500
130	0.187000
131	0.207800
132	1.186500
133	0.460600
134	0.207800
135	0.197400
136	0.238900
137	0.138500
138	0.335900
139	0.090000
140	0.114300
141	0.256300
142	0.484800
143	1.038900
144	0.155800
145	0.460600
146	1.186500
147	1.180900
148	0.426000
149	0.820700
150	0.384400
151	0.152400
152	0.242400
153	0.519500
154	0.114300
155	0.308200
156	0.107400
157	0.103900
158	0.557500
159	0.526400
160	0.720300
161	1.186500
162	0.467500
163	0.315100
164	0.592200
165	0.931600
166	0.325500
167	1.186500
168	1.186500
169	0.374000
170	0.256300
171	0.405200
172	0.498700
173	0.273600
174	0.232000
175	1.186500
176	0.426000
177	0.533300
178	0.197400
179	0.242400
180	0.335900
181	0.574900
182	0.606000
183	0.806900
184	1.186500
185	0.349800
186	0.000000
187	1.186500
188	0.000000
