1	0.272000
2	0.000000
3	1.166800
4	0.000000
5	1.166800
6	0.358500
7	0.729500
8	0.185500
9	0.157600
10	0.299800
11	0.370900
12	0.213300
13	0.930400
14	1.166800
15	0.256500
16	0.086500
17	0.272000
18	0.256500
19	0.244200
20	0.327600
21	0.114400
22	0.173100
23	0.401800
24	0.287500
25	0.114400
26	1.166800
27	1.166800
28	0.457500
29	1.166800
30	1.166800
31	0.114400
32	0.043300
33	0.157600
34	0.071100
35	0.114400
36	0.272000
37	0.114400
38	0.358500
39	0.401800
40	0.500700
41	1.029300
42	0.213300
43	0.544000
44	0.142200
45	0.228700
46	0.500700
47	0.157600
48	0.098900
49	0.244200
50	0.358500
51	0.587300
52	0.914900
53	0.287500
54	1.013800
55	0.256500
56	0.185500
57	0.272000
58	0.485300
59	0.129800
60	0.173100
61	0.256500
62	0.228700
63	0.358500
64	0.213300
65	0.327600
66	0.244200
67	0.429600
68	0.315300
69	0.859300
70	1.115800
71	0.228700
72	0.185500
73	0.157600
74	0.244200
75	0.213300
76	0.213300
77	0.244200
78	0.173100
79	1.166800
80	1.166800
81	0.200900
82	1.166800
83	0.386400
84	0.686200
85	0.244200
86	0.358500
87	0.228700
88	0.129800
89	0.157600
90	1.044700
91	1.166800
92	0.942700
93	0.457500
94	0.287500
95	0.299800
96	0.299800
97	0.472900
98	0.213300
99	0.358500
100	0.142200
101	0.315300
102	1.166800
103	1.072500
104	0.299800
105	0.429600
106	0.958200
107	0.173100
108	0.942700
109	0.630500
110	1.166800
111	0.244200
112	0.744900
113	0.442000
114	0.272000
115	0.299800
116	1.166800
117	1.001500
118	1.166800
119	0.299800
120	0.544000
121	0.185500
122	0.228700
123	0.228700
124	0.157600
125	0.287500
126	0.556400
127	0.401800
128	0.401800
129	1.166800
130	0.173100
131	0.228700
132	0.986000
133	0.228700
134	0.142200
135	0.173100
136	0.256500
137	0.173100
138	0.256500
139	0.098900
140	0.114400
141	0.358500
142	0.544000
143	1.044700
144	0.098900
145	0.414200
146	1.166800
147	1.001500
148	0.386400
149	0.714000
150	0.244200
151	0.173100
152	0.327600
153	0.401800
154	0.142200
155	0.299800
156	0.071100
157	0.173100
158	0.544000
159	0.401800
160	0.714000
161	1.057100
162	0.401800
163	0.244200
164	0.556400
165	0.843800
166	0.200900
167	1.166800
168	1.001500
169	0.370900
170	0.185500
171	0.256500
172	0.213300
173	0.185500
174	0.058700
175	1.166800
176	0.185500
177	0.414200
178	0.142200
179	0.244200
180	0.200900
181	0.544000
182	0.228700
183	0.871600
184	0.942700
185	0.213300
186	0.587300
187	0.315300
188	0.599600
