1	0.169600
2	0.252900
3	0.218900
4	0.203500
5	0.644500
6	0.456400
7	0.000000
8	1.306000
9	0.000000
10	0.829500
11	0.508800
12	0.320700
13	1.289000
14	1.255100
15	0.542700
16	0.067800
17	0.320700
18	0.203500
19	0.169600
20	0.456400
21	0.135700
22	0.185000
23	0.524200
24	0.354600
25	0.101800
26	1.306000
27	1.033100
28	0.354600
29	1.306000
30	1.306000
31	0.151100
32	0.101800
33	0.218900
34	0.135700
35	0.151100
36	0.320700
37	0.117200
38	0.407100
39	0.644500
40	0.644500
41	0.814100
42	0.117200
43	0.761700
44	0.320700
45	0.218900
46	0.693800
47	0.203500
48	0.049300
49	0.286800
50	0.456400
51	0.524200
52	0.882000
53	0.542700
54	0.712400
55	0.151100
56	0.354600
57	0.354600
58	0.388600
59	0.049300
60	0.117200
61	0.320700
62	0.203500
63	0.407100
64	0.101800
65	0.169600
66	0.305300
67	0.524200
68	0.354600
69	0.829500
70	1.017600
71	0.407100
72	0.185000
73	0.185000
74	0.151100
75	0.237500
76	0.305300
77	0.237500
78	0.151100
79	1.306000
80	1.306000
81	0.151100
82	0.931300
83	0.252900
84	0.863500
85	0.271400
86	0.354600
87	0.339200
88	0.083300
89	0.252900
90	1.168800
91	1.306000
92	1.236600
93	0.388600
94	0.237500
95	0.305300
96	0.237500
97	0.339200
98	0.203500
99	0.271400
100	0.117200
101	0.354600
102	1.306000
103	0.848000
104	0.339200
105	0.456400
106	0.814100
107	0.237500
108	0.931300
109	0.848000
110	1.306000
111	0.218900
112	0.795600
113	0.422500
114	0.237500
115	0.354600
116	1.306000
117	0.814100
118	1.306000
119	0.237500
120	0.610600
121	0.203500
122	0.339200
123	0.203500
124	0.117200
125	0.339200
126	0.305300
127	0.373100
128	0.456400
129	1.306000
130	0.083300
131	0.083300
132	0.848000
133	0.456400
134	0.135700
135	0.101800
136	0.271400
137	0.218900
138	0.286800
139	0.117200
140	0.135700
141	0.456400
142	0.678400
143	1.017600
144	0.135700
145	0.508800
146	1.306000
147	0.931300
148	0.286800
149	0.659900
150	0.388600
151	0.203500
152	0.305300
153	0.474900
154	0.169600
155	0.286800
156	0.083300
157	0.101800
158	0.474900
159	0.626000
160	0.558200
161	0.897400
162	0.422500
163	0.252900
164	0.592100
165	0.814100
166	0.407100
167	1.306000
168	0.983700
169	0.218900
170	0.185000
171	0.286800
172	0.407100
173	0.151100
174	0.101800
175	1.306000
176	0.305300
177	0.474900
178	0.271400
179	0.135700
180	0.203500
181	0.542700
182	0.373100
183	0.780200
184	1.017600
185	0.218900
186	0.592100
187	0.151100
188	0.490300
