1	0.076900
2	0.188000
3	0.122500
4	0.418700
5	0.683500
6	0.230700
7	0.572500
8	0.000000
9	1.221500
10	0.000000
11	0.495600
12	0.341800
13	1.221500
14	1.221500
15	0.330400
16	0.000000
17	0.341800
18	0.176600
19	0.142400
20	0.364600
21	0.307600
22	0.165200
23	0.373100
24	0.418700
25	0.122500
26	1.221500
27	1.156300
28	0.307600
29	1.221500
30	1.221500
31	0.054100
32	0.042700
33	0.230700
34	0.287700
35	0.142400
36	0.538300
37	0.176600
38	0.384500
39	0.430100
40	0.561100
41	1.179100
42	0.153800
43	0.683500
44	0.153800
45	0.207900
46	0.538300
47	0.088300
48	0.076900
49	0.253500
50	0.364600
51	0.461400
52	0.880100
53	0.330400
54	0.848700
55	0.142400
56	0.122500
57	0.418700
58	0.452800
59	0.088300
60	0.165200
61	0.199400
62	0.165200
63	0.583900
64	0.088300
65	0.353200
66	0.253500
67	0.507000
68	0.353200
69	0.783200
70	1.179100
71	0.407300
72	0.153800
73	0.165200
74	0.088300
75	0.188000
76	0.165200
77	0.176600
78	0.142400
79	1.221500
80	1.221500
81	0.242100
82	1.090800
83	0.287700
84	0.714900
85	0.242100
86	0.407300
87	0.219300
88	0.065500
89	0.165200
90	1.201900
91	1.221500
92	1.025300
93	0.341800
94	0.373100
95	0.207900
96	0.287700
97	0.330400
98	0.287700
99	0.242100
100	0.065500
101	0.341800
102	1.221500
103	0.914200
104	0.341800
105	0.384500
106	0.925600
107	0.230700
108	0.791800
109	0.714900
110	1.221500
111	0.199400
112	0.626600
113	0.430100
114	0.188000
115	0.341800
116	1.221500
117	1.013900
118	1.221500
119	0.276300
120	0.287700
121	0.296200
122	0.219300
123	0.199400
124	0.188000
125	0.230700
126	0.341800
127	0.253500
128	0.472800
129	1.221500
130	0.099700
131	0.165200
132	1.144900
133	0.384500
134	0.230700
135	0.088300
136	0.207900
137	0.099700
138	0.188000
139	0.065500
140	0.153800
141	0.153800
142	0.353200
143	0.825900
144	0.122500
145	0.407300
146	1.221500
147	0.957000
148	0.384500
149	0.714900
150	0.395900
151	0.153800
152	0.296200
153	0.441500
154	0.054100
155	0.230700
156	0.065500
157	0.122500
158	0.441500
159	0.626600
160	0.714900
161	0.937000
162	0.452800
163	0.276300
164	0.549700
165	0.880100
166	0.242100
167	1.221500
168	0.925600
169	0.219300
170	0.219300
171	0.230700
172	0.319000
173	0.176600
174	0.122500
175	1.221500
176	0.307600
177	0.341800
178	0.131000
179	0.131000
180	0.188000
181	0.430100
182	0.219300
183	0.902800
184	0.837300
185	0.307600
186	0.638000
187	0.276300
188	0.549700
