1	0.076600
2	0.216200
3	0.101300
4	0.139600
5	0.621300
6	0.279200
7	0.188900
8	0.101300
9	0.355800
10	0.457100
11	0.076600
12	0.188900
13	1.253600
14	0.999000
15	0.216200
16	0.303800
17	0.457100
18	0.418800
19	0.659600
20	0.000000
21	1.334300
22	0.000000
23	0.342100
24	1.334300
25	0.177900
26	1.334300
27	1.051000
28	0.303800
29	0.974400
30	1.334300
31	0.125900
32	0.076600
33	0.988100
34	0.974400
35	0.188900
36	1.334300
37	0.988100
38	0.391400
39	0.558400
40	1.334300
41	1.334300
42	0.188900
43	0.936100
44	0.216200
45	0.164200
46	0.659600
47	0.087600
48	0.063000
49	0.303800
50	0.279200
51	0.520000
52	0.695200
53	0.279200
54	0.695200
55	0.153300
56	0.076600
57	0.240900
58	0.290100
59	0.087600
60	0.076600
61	0.303800
62	0.076600
63	0.405100
64	0.188900
65	0.265500
66	0.188900
67	0.558400
68	0.227200
69	0.936100
70	0.848500
71	0.216200
72	0.202500
73	0.153300
74	0.087600
75	0.125900
76	0.153300
77	0.125900
78	0.139600
79	1.334300
80	1.334300
81	0.153300
82	1.114000
83	0.177900
84	0.670600
85	0.290100
86	0.227200
87	0.177900
88	0.038300
89	0.139600
90	1.051000
91	1.334300
92	1.012700
93	0.380500
94	0.254500
95	0.317500
96	0.265500
97	0.355800
98	0.227200
99	0.240900
100	0.076600
101	0.303800
102	1.334300
103	0.949800
104	0.227200
105	0.380500
106	0.897800
107	0.101300
108	0.785500
109	0.569300
110	1.334300
111	0.139600
112	0.569300
113	0.607600
114	0.202500
115	0.303800
116	1.334300
117	0.823900
118	1.334300
119	0.153300
120	0.429700
121	0.101300
122	0.164200
123	0.188900
124	0.125900
125	0.303800
126	0.265500
127	0.177900
128	0.328400
129	1.334300
130	0.101300
131	0.087600
132	0.722600
133	0.391400
134	0.153300
135	0.076600
136	0.188900
137	0.076600
138	0.303800
139	0.101300
140	0.139600
141	0.164200
142	0.429700
143	0.747200
144	0.115000
145	0.303800
146	1.334300
147	1.026400
148	0.342100
149	0.747200
150	0.342100
151	0.279200
152	0.227200
153	0.303800
154	0.076600
155	0.216200
156	0.076600
157	0.052000
158	0.418800
159	0.290100
160	0.531000
161	0.632300
162	0.380500
163	0.290100
164	0.254500
165	0.659600
166	0.366800
167	1.334300
168	0.999000
169	0.265500
170	0.227200
171	0.303800
172	0.216200
173	0.265500
174	0.139600
175	1.334300
176	0.254500
177	0.355800
178	0.115000
179	0.177900
180	0.139600
181	0.506400
182	0.153300
183	0.632300
184	0.632300
185	0.317500
186	0.632300
187	0.240900
188	0.607600
