1	0.038200
2	0.076300
3	0.063600
4	0.063600
5	0.656500
6	0.167900
7	0.180700
8	0.101800
9	0.335900
10	0.348600
11	0.101800
12	0.206100
13	0.977100
14	0.989800
15	0.167900
16	0.142500
17	0.605600
18	0.257000
19	0.295200
20	0.862600
21	0.989800
22	0.167900
23	0.282400
24	0.412200
25	0.193400
26	1.313000
27	0.745500
28	0.592900
29	1.017800
30	1.313000
31	0.888000
32	0.142500
33	0.000000
34	1.313000
35	0.000000
36	1.313000
37	0.811700
38	0.526700
39	1.106900
40	1.081400
41	1.313000
42	0.167900
43	1.183200
44	0.206100
45	0.193400
46	0.669200
47	0.129800
48	0.063600
49	0.257000
50	0.231600
51	0.463100
52	0.771000
53	0.206100
54	0.732800
55	0.155200
56	0.076300
57	0.180700
58	0.424900
59	0.089100
60	0.167900
61	0.231600
62	0.063600
63	0.167900
64	0.101800
65	0.231600
66	0.218800
67	0.475800
68	0.206100
69	0.799000
70	0.888000
71	0.231600
72	0.142500
73	0.218800
74	0.101800
75	0.180700
76	0.180700
77	0.155200
78	0.142500
79	1.313000
80	1.313000
81	0.076300
82	0.824400
83	0.167900
84	0.771000
85	0.231600
86	0.180700
87	0.142500
88	0.076300
89	0.076300
90	0.977100
91	1.313000
92	0.849900
93	0.412200
94	0.348600
95	0.180700
96	0.231600
97	0.206100
98	0.180700
99	0.193400
100	0.063600
101	0.320600
102	1.157800
103	0.951700
104	0.193400
105	0.361300
106	0.811700
107	0.142500
108	0.786300
109	0.539400
110	1.313000
111	0.101800
112	0.554700
113	0.463100
114	0.089100
115	0.386800
116	1.313000
117	0.592900
118	1.313000
119	0.167900
120	0.244300
121	0.155200
122	0.167900
123	0.167900
124	0.063600
125	0.231600
126	0.361300
127	0.142500
128	0.335900
129	1.313000
130	0.101800
131	0.129800
132	0.824400
133	0.335900
134	0.101800
135	0.129800
136	0.142500
137	0.101800
138	0.193400
139	0.089100
140	0.012700
141	0.320600
142	0.386800
143	0.592900
144	0.117000
145	0.386800
146	0.989800
147	0.900800
148	0.307900
149	0.694700
150	0.206100
151	0.129800
152	0.257000
153	0.335900
154	0.050900
155	0.231600
156	0.063600
157	0.076300
158	0.412200
159	0.361300
160	0.475800
161	0.862600
162	0.386800
163	0.167900
164	0.424900
165	0.745500
166	0.335900
167	1.313000
168	0.862600
169	0.193400
170	0.180700
171	0.257000
172	0.218800
173	0.218800
174	0.193400
175	1.313000
176	0.206100
177	0.295200
178	0.117000
179	0.050900
180	0.129800
181	0.412200
182	0.244300
183	0.681900
184	0.580200
185	0.193400
186	0.361300
187	0.231600
188	0.348600
