1	0.125900
2	0.120000
3	0.043900
4	0.076100
5	0.459500
6	0.146300
7	0.310300
8	0.049800
9	0.064400
10	0.301500
11	0.155100
12	0.143400
13	1.050800
14	1.232600
15	0.207800
16	0.087800
17	0.322000
18	0.087800
19	0.122900
20	0.348300
21	0.155100
22	0.140500
23	0.348300
24	0.403900
25	0.105400
26	1.232600
27	1.232600
28	0.278100
29	1.232600
30	1.232600
31	0.117100
32	0.076100
33	0.436100
34	0.108300
35	0.161000
36	0.851800
37	0.368800
38	0.114200
39	0.000000
40	1.232600
41	0.000000
42	0.082000
43	0.848800
44	0.225400
45	0.146300
46	0.564900
47	0.061500
48	0.067300
49	0.342500
50	0.386400
51	0.491700
52	1.232600
53	0.579500
54	1.053700
55	0.178500
56	0.155100
57	0.412700
58	0.538600
59	0.052700
60	0.146300
61	0.286800
62	0.184400
63	0.418600
64	0.087800
65	0.298600
66	0.339500
67	0.617600
68	0.383400
69	1.173700
70	1.232600
71	0.304400
72	0.175600
73	0.149300
74	0.169800
75	0.190300
76	0.196100
77	0.184400
78	0.163900
79	1.232600
80	1.232600
81	0.172700
82	1.232600
83	0.193200
84	0.831300
85	0.251700
86	0.357100
87	0.219500
88	0.070200
89	0.202000
90	1.232600
91	1.232600
92	1.129800
93	0.342500
94	0.316100
95	0.240000
96	0.263400
97	0.348300
98	0.231200
99	0.275100
100	0.111200
101	0.409800
102	1.232600
103	1.232300
104	0.240000
105	0.409800
106	1.018600
107	0.187300
108	0.968800
109	0.802000
110	1.232600
111	0.207800
112	0.623500
113	0.605900
114	0.193200
115	0.447800
116	1.232600
117	0.922000
118	1.232600
119	0.204900
120	0.368800
121	0.213700
122	0.181500
123	0.240000
124	0.084900
125	0.263400
126	0.351200
127	0.275100
128	0.430300
129	1.232600
130	0.120000
131	0.114200
132	1.097600
133	0.439000
134	0.196100
135	0.149300
136	0.222500
137	0.122900
138	0.263400
139	0.082000
140	0.087800
141	0.251700
142	0.477100
143	0.930800
144	0.131700
145	0.330800
146	1.232600
147	1.115200
148	0.357100
149	0.828300
150	0.330800
151	0.155100
152	0.251700
153	0.360000
154	0.070200
155	0.257600
156	0.079000
157	0.096600
158	0.459500
159	0.474200
160	0.676100
161	0.910300
162	0.389300
163	0.281000
164	0.424400
165	0.778600
166	0.251700
167	1.232600
168	0.971800
169	0.263400
170	0.204900
171	0.263400
172	0.219500
173	0.202000
174	0.149300
175	1.232600
176	0.245900
177	0.327800
178	0.131700
179	0.137600
180	0.143400
181	0.442000
182	0.178500
183	0.772700
184	0.892700
185	0.251700
186	0.526900
187	0.228300
188	0.676100
