1	0.101500
2	0.109300
3	0.052000
4	0.091100
5	0.281000
6	0.166500
7	0.283600
8	0.054600
9	0.067700
10	0.223800
11	0.166500
12	0.150900
13	0.817100
14	1.264700
15	0.210800
16	0.059900
17	0.190000
18	0.078100
19	0.075500
20	0.205600
21	0.044200
22	0.101500
23	0.364300
24	0.408600
25	0.132700
26	1.264700
27	1.259500
28	0.281000
29	1.264700
30	1.264700
31	0.080700
32	0.041600
33	0.192600
34	0.036400
35	0.088500
36	0.364300
37	0.078100
38	0.335700
39	0.497000
40	0.608900
41	1.223100
42	0.098900
43	0.736400
44	0.229000
45	0.101500
46	0.408600
47	0.299300
48	0.179600
49	0.000000
50	1.264700
51	0.000000
52	1.264700
53	0.416400
54	0.897800
55	0.163900
56	0.450200
57	0.556900
58	0.788500
59	0.093700
60	0.096300
61	0.197800
62	0.166500
63	0.244600
64	0.080700
65	0.205600
66	0.273200
67	0.536100
68	0.408600
69	0.840500
70	1.139800
71	0.273200
72	0.145700
73	0.161300
74	0.117100
75	0.169100
76	0.174400
77	0.137900
78	0.130100
79	1.264700
80	1.264700
81	0.182200
82	1.165800
83	0.190000
84	0.674000
85	0.203000
86	0.273200
87	0.210800
88	0.083300
89	0.205600
90	1.264700
91	1.264700
92	1.126800
93	0.304500
94	0.273200
95	0.239400
96	0.268000
97	0.361700
98	0.236800
99	0.288900
100	0.085900
101	0.366900
102	1.264700
103	1.066900
104	0.231600
105	0.346100
106	0.970700
107	0.174400
108	0.877000
109	0.697400
110	1.264700
111	0.197800
112	0.684400
113	0.585500
114	0.158700
115	0.424200
116	1.264700
117	0.775500
118	1.264700
119	0.177000
120	0.343500
121	0.210800
122	0.229000
123	0.208200
124	0.096300
125	0.229000
126	0.432000
127	0.333100
128	0.445000
129	1.264700
130	0.109300
131	0.156100
132	1.046100
133	0.359100
134	0.158700
135	0.150900
136	0.197800
137	0.106700
138	0.255000
139	0.104100
140	0.088500
141	0.270600
142	0.468400
143	0.952400
144	0.109300
145	0.309700
146	1.074700
147	0.960200
148	0.348700
149	0.739000
150	0.247200
151	0.148300
152	0.262800
153	0.338300
154	0.065100
155	0.223800
156	0.093700
157	0.080700
158	0.416400
159	0.406000
160	0.635000
161	0.822300
162	0.382500
163	0.255000
164	0.447600
165	0.752100
166	0.236800
167	1.264700
168	0.965400
169	0.265400
170	0.187400
171	0.223800
172	0.242000
173	0.182200
174	0.124900
175	1.264700
176	0.208200
177	0.294100
178	0.098900
179	0.166500
180	0.137900
181	0.419000
182	0.223800
183	0.793700
184	0.785900
185	0.247200
186	0.598500
187	0.190000
188	0.684400
