1	0.079900
2	0.108900
3	0.067800
4	0.058100
5	0.275900
6	0.135500
7	0.302500
8	0.050800
9	0.070200
10	0.280700
11	0.133100
12	0.154900
13	0.842200
14	1.286800
15	0.159700
16	0.067800
17	0.203300
18	0.084700
19	0.079900
20	0.220200
21	0.067800
22	0.111300
23	0.321900
24	0.363000
25	0.089500
26	1.286800
27	1.130100
28	0.249300
29	1.286800
30	1.286800
31	0.060500
32	0.041100
33	0.213000
34	0.060500
35	0.087100
36	0.334000
37	0.058100
38	0.360600
39	0.481600
40	0.636500
41	1.171300
42	0.108900
43	0.646100
44	0.222600
45	0.154900
46	0.643700
47	0.113700
48	0.200900
49	0.399300
50	0.000000
51	1.286800
52	0.000000
53	0.992200
54	1.135000
55	0.140400
56	0.152500
57	0.312200
58	0.621900
59	0.055700
60	0.067800
61	0.188800
62	0.162100
63	0.343600
64	0.137900
65	0.203300
66	0.271000
67	0.525100
68	0.462200
69	1.040600
70	1.067200
71	0.254100
72	0.125800
73	0.157300
74	0.128300
75	0.169400
76	0.174200
77	0.145200
78	0.152500
79	1.286800
80	1.286800
81	0.162100
82	1.200300
83	0.193600
84	0.646100
85	0.203300
86	0.222600
87	0.205700
88	0.055700
89	0.213000
90	1.286800
91	1.286800
92	1.122900
93	0.237200
94	0.261400
95	0.220200
96	0.249300
97	0.321900
98	0.205700
99	0.278300
100	0.087100
101	0.341200
102	1.286800
103	1.135000
104	0.227500
105	0.404100
106	1.023700
107	0.157300
108	0.798600
109	0.631600
110	1.286800
111	0.164600
112	0.597700
113	0.648600
114	0.162100
115	0.343600
116	1.286800
117	0.728400
118	1.286800
119	0.183900
120	0.321900
121	0.196000
122	0.196000
123	0.215400
124	0.094400
125	0.205700
126	0.445300
127	0.329100
128	0.413800
129	1.286800
130	0.094400
131	0.116200
132	0.866400
133	0.382400
134	0.130700
135	0.140400
136	0.196000
137	0.104100
138	0.258900
139	0.092000
140	0.082300
141	0.220200
142	0.418700
143	0.873600
144	0.108900
145	0.297700
146	1.057500
147	0.912300
148	0.326700
149	0.638900
150	0.266200
151	0.108900
152	0.232300
153	0.329100
154	0.075000
155	0.179100
156	0.101600
157	0.062900
158	0.418700
159	0.392000
160	0.573500
161	0.832500
162	0.334000
163	0.208100
164	0.440400
165	0.735700
166	0.203300
167	1.286800
168	0.759900
169	0.200900
170	0.176700
171	0.242000
172	0.232300
173	0.215400
174	0.137900
175	1.286800
176	0.215400
177	0.227500
178	0.137900
179	0.125800
180	0.135500
181	0.375100
182	0.174200
183	0.735700
184	0.798600
185	0.242000
186	0.440400
187	0.200900
188	0.602600
