1	0.079800
2	0.101600
3	0.036300
4	0.055600
5	0.268500
6	0.120900
7	0.297500
8	0.060500
9	0.055600
10	0.270900
11	0.118500
12	0.164500
13	0.747400
14	1.319100
15	0.198300
16	0.070100
17	0.200800
18	0.075000
19	0.060500
20	0.205600
21	0.041100
22	0.128200
23	0.319300
24	0.365200
25	0.096700
26	1.319100
27	1.134400
28	0.251500
29	1.319100
30	1.319100
31	0.089500
32	0.036300
33	0.205600
34	0.029000
35	0.101600
36	0.283000
37	0.060500
38	0.292700
39	0.505500
40	0.839300
41	1.066600
42	0.079800
43	0.689300
44	0.186200
45	0.140300
46	0.665100
47	0.123400
48	0.087100
49	0.420900
50	0.382200
51	1.112600
52	0.000000
53	1.319100
54	0.000000
55	0.135400
56	0.111300
57	0.696600
58	0.824800
59	0.062900
60	0.091900
61	0.246700
62	0.193500
63	0.292700
64	0.116100
65	0.210400
66	0.292700
67	0.684500
68	0.389400
69	1.025500
70	1.078700
71	0.251500
72	0.125800
73	0.152400
74	0.154800
75	0.183800
76	0.176600
77	0.135400
78	0.118500
79	1.319100
80	1.319100
81	0.142700
82	1.153700
83	0.150000
84	0.691700
85	0.200800
86	0.234600
87	0.176600
88	0.077400
89	0.222500
90	1.319100
91	1.319100
92	1.122300
93	0.283000
94	0.241900
95	0.241900
96	0.234600
97	0.321700
98	0.174100
99	0.302300
100	0.094300
101	0.355500
102	1.319100
103	1.163400
104	0.232200
105	0.396700
106	1.105300
107	0.164500
108	0.641000
109	0.621600
110	1.319100
111	0.159600
112	0.604700
113	0.597400
114	0.171700
115	0.382200
116	1.319100
117	0.810300
118	1.319100
119	0.159600
120	0.319300
121	0.249100
122	0.217700
123	0.251500
124	0.077400
125	0.237000
126	0.488600
127	0.387000
128	0.399100
129	1.319100
130	0.104000
131	0.125800
132	0.923900
133	0.336200
134	0.133000
135	0.154800
136	0.193500
137	0.111300
138	0.224900
139	0.065300
140	0.067700
141	0.241900
142	0.459600
143	0.892500
144	0.094300
145	0.326500
146	1.170700
147	0.957800
148	0.316900
149	0.674800
150	0.258800
151	0.135400
152	0.241900
153	0.341000
154	0.072600
155	0.159600
156	0.070100
157	0.087100
158	0.399100
159	0.420900
160	0.679700
161	0.786100
162	0.370100
163	0.210400
164	0.488600
165	0.798200
166	0.215300
167	1.319100
168	0.819900
169	0.241900
170	0.159600
171	0.244300
172	0.251500
173	0.169300
174	0.118500
175	1.319100
176	0.188700
177	0.229800
178	0.106400
179	0.147500
180	0.118500
181	0.399100
182	0.200800
183	0.752200
184	0.790900
185	0.251500
186	0.553900
187	0.188700
188	0.549000
