1	0.081800
2	0.081800
3	0.053100
4	0.072900
5	0.232100
6	0.139300
7	0.225500
8	0.037600
9	0.064100
10	0.227700
11	0.150300
12	0.139300
13	0.702900
14	1.303900
15	0.187900
16	0.053100
17	0.198900
18	0.088400
19	0.079600
20	0.205600
21	0.037600
22	0.103900
23	0.267500
24	0.428800
25	0.092800
26	1.303900
27	1.100800
28	0.212200
29	1.303900
30	1.303900
31	0.084000
32	0.048600
33	0.192300
34	0.053100
35	0.110500
36	0.267500
37	0.064100
38	0.276300
39	0.382400
40	0.663100
41	1.129600
42	0.072900
43	0.561500
44	0.205600
45	0.132600
46	0.570300
47	0.075200
48	0.086200
49	0.382400
50	0.616700
51	0.592400
52	1.076500
53	0.702900
54	1.303900
55	1.303900
56	1.021200
57	0.000000
58	1.303900
59	0.000000
60	0.099500
61	0.307300
62	0.161400
63	0.324900
64	0.110500
65	0.263000
66	0.351500
67	0.601300
68	0.466400
69	1.120700
70	1.303900
71	0.240900
72	0.152500
73	0.126000
74	0.117200
75	0.163600
76	0.185700
77	0.161400
78	0.150300
79	1.303900
80	1.303900
81	0.139300
82	1.171600
83	0.172400
84	0.800200
85	0.185700
86	0.223300
87	0.196700
88	0.061900
89	0.238700
90	1.303900
91	1.303900
92	1.167100
93	0.276300
94	0.238700
95	0.254200
96	0.252000
97	0.302800
98	0.205600
99	0.280700
100	0.090600
101	0.389000
102	1.303900
103	1.264400
104	0.194500
105	0.324900
106	1.052200
107	0.145900
108	0.769200
109	0.583600
110	1.303900
111	0.148100
112	0.548200
113	0.689700
114	0.176800
115	0.318300
116	1.303900
117	0.786900
118	1.054400
119	0.139300
120	0.276300
121	0.187900
122	0.212200
123	0.223300
124	0.079600
125	0.249800
126	0.517300
127	0.413400
128	0.358100
129	1.303900
130	0.081800
131	0.099500
132	0.941700
133	0.386800
134	0.190100
135	0.110500
136	0.236500
137	0.095100
138	0.236500
139	0.075200
140	0.064100
141	0.216600
142	0.400100
143	0.842200
144	0.128200
145	0.269700
146	0.932800
147	0.908500
148	0.384600
149	0.740500
150	0.271900
151	0.108300
152	0.276300
153	0.327200
154	0.059700
155	0.165800
156	0.081800
157	0.099500
158	0.375800
159	0.380200
160	0.687500
161	0.767000
162	0.340400
163	0.205600
164	0.526100
165	0.751600
166	0.212200
167	1.303900
168	0.842200
169	0.238700
170	0.156900
171	0.201200
172	0.218800
173	0.150300
174	0.099500
175	1.303900
176	0.183500
177	0.236500
178	0.103900
179	0.121600
180	0.170200
181	0.362500
182	0.154700
183	0.742700
184	0.786900
185	0.252000
186	0.539400
187	0.201200
188	0.532700
