1	0.096200
2	0.085800
3	0.046800
4	0.052000
5	0.283300
6	0.145500
7	0.322300
8	0.049400
9	0.070200
10	0.291100
11	0.145500
12	0.155900
13	0.771900
14	1.267000
15	0.215700
16	0.065000
17	0.236500
18	0.075400
19	0.070200
20	0.259900
21	0.067600
22	0.122200
23	0.322300
24	0.392400
25	0.106600
26	1.267000
27	1.267000
28	0.283300
29	1.267000
30	1.267000
31	0.088400
32	0.039000
33	0.233900
34	0.057200
35	0.106600
36	0.298900
37	0.054600
38	0.322300
39	0.530200
40	0.743300
41	1.154000
42	0.098800
43	0.717300
44	0.184500
45	0.161100
46	0.582200
47	0.075400
48	0.054600
49	0.306700
50	0.410600
51	0.488600
52	0.771900
53	0.569200
54	0.849900
55	0.202700
56	0.155900
57	0.509400
58	0.587400
59	0.052000
60	0.129900
61	0.319700
62	0.270300
63	0.439200
64	0.207900
65	0.220900
66	0.000000
67	1.267000
68	0.000000
69	0.907000
70	1.234500
71	0.254700
72	0.233900
73	0.155900
74	0.176700
75	0.192300
76	0.213100
77	0.192300
78	0.493800
79	1.267000
80	1.267000
81	0.239100
82	1.267000
83	0.200100
84	0.839500
85	0.353500
86	0.392400
87	0.283300
88	0.111800
89	0.272900
90	1.267000
91	1.267000
92	1.267000
93	0.327500
94	0.400200
95	0.314500
96	0.327500
97	0.363900
98	0.306700
99	0.395000
100	0.101400
101	0.478200
102	1.267000
103	1.267000
104	0.257300
105	0.389800
106	1.244900
107	0.179300
108	0.943400
109	0.891500
110	1.267000
111	0.163700
112	0.662700
113	0.665300
114	0.200100
115	0.480800
116	1.267000
117	0.964200
118	1.267000
119	0.168900
120	0.366500
121	0.207900
122	0.213100
123	0.228700
124	0.083200
125	0.288500
126	0.361300
127	0.296300
128	0.449600
129	1.267000
130	0.129900
131	0.093600
132	1.024000
133	0.374300
134	0.148100
135	0.140300
136	0.220900
137	0.106600
138	0.272900
139	0.085800
140	0.072800
141	0.275500
142	0.436600
143	0.992800
144	0.129900
145	0.343100
146	1.029200
147	1.141000
148	0.413200
149	0.875900
150	0.306700
151	0.132500
152	0.283300
153	0.345700
154	0.075400
155	0.210500
156	0.067600
157	0.083200
158	0.423600
159	0.504200
160	0.686100
161	0.909600
162	0.389800
163	0.265100
164	0.517200
165	0.808300
166	0.280700
167	1.267000
168	1.135800
169	0.231300
170	0.200100
171	0.265100
172	0.291100
173	0.194900
174	0.145500
175	1.267000
176	0.207900
177	0.275500
178	0.117000
179	0.142900
180	0.140300
181	0.428800
182	0.215700
183	0.810900
184	0.862900
185	0.275500
186	0.527600
187	0.179300
188	0.639400
