1	0.104700
2	0.099100
3	0.050900
4	0.082100
5	0.271700
6	0.161300
7	0.300000
8	0.042500
9	0.059400
10	0.325500
11	0.181200
12	0.175500
13	0.880300
14	1.266300
15	0.212300
16	0.079300
17	0.203800
18	0.079300
19	0.076400
20	0.209500
21	0.062300
22	0.116100
23	0.393400
24	0.342500
25	0.127400
26	1.266300
27	1.266300
28	0.328300
29	1.266300
30	1.266300
31	0.076400
32	0.034000
33	0.206600
34	0.053800
35	0.101900
36	0.305700
37	0.073600
38	0.305700
39	0.501000
40	0.769900
41	1.072800
42	0.099100
43	0.636900
44	0.178300
45	0.161300
46	0.673700
47	0.101900
48	0.070800
49	0.302900
50	0.351000
51	0.529300
52	0.965200
53	0.464200
54	1.027500
55	0.203800
56	0.158500
57	0.390600
58	0.597200
59	0.090600
60	0.130200
61	0.331200
62	0.234900
63	0.532100
64	0.237800
65	0.376500
66	1.266300
67	0.492500
68	0.000000
69	1.266300
70	0.000000
71	0.209500
72	0.127400
73	0.260400
74	0.133000
75	0.181200
76	0.212300
77	0.152800
78	0.135900
79	1.266300
80	1.266300
81	0.164200
82	1.231300
83	0.203800
84	0.934100
85	0.274600
86	0.509500
87	0.243400
88	0.090600
89	0.195300
90	1.266300
91	1.266300
92	1.266300
93	0.322700
94	0.387800
95	0.314200
96	0.311400
97	0.319800
98	0.203800
99	0.277400
100	0.087700
101	0.393400
102	1.266300
103	1.194500
104	0.268900
105	0.447200
106	1.266300
107	0.164200
108	0.993500
109	0.798200
110	1.266300
111	0.192500
112	0.619900
113	0.631200
114	0.203800
115	0.424600
116	1.266300
117	0.888800
118	1.266300
119	0.164200
120	0.401900
121	0.192500
122	0.212300
123	0.215100
124	0.079300
125	0.285900
126	0.424600
127	0.317000
128	0.438700
129	1.266300
130	0.127400
131	0.116100
132	1.089700
133	0.396300
134	0.161300
135	0.144400
136	0.234900
137	0.099100
138	0.266100
139	0.070800
140	0.090600
141	0.243400
142	0.461400
143	1.064300
144	0.118900
145	0.345300
146	1.266300
147	1.072800
148	0.393400
149	0.812400
150	0.302900
151	0.152800
152	0.257600
153	0.421700
154	0.070800
155	0.240600
156	0.079300
157	0.076400
158	0.424600
159	0.486800
160	0.690600
161	0.996300
162	0.399100
163	0.283100
164	0.498200
165	0.784000
166	0.232100
167	1.266300
168	1.075600
169	0.283100
170	0.206600
171	0.243400
172	0.291500
173	0.195300
174	0.138700
175	1.266300
176	0.212300
177	0.300000
178	0.127400
179	0.141500
180	0.144400
181	0.430200
182	0.203800
183	0.840700
184	0.860500
185	0.297200
186	0.585900
187	0.220800
188	0.631200
