1	0.134500
2	0.146400
3	0.079100
4	0.087100
5	0.395700
6	0.186000
7	0.451100
8	0.059400
9	0.114800
10	0.435300
11	0.197900
12	0.281000
13	1.156000
14	1.156000
15	0.288900
16	0.102900
17	0.257200
18	0.102900
19	0.083100
20	0.273000
21	0.079100
22	0.162200
23	0.542100
24	0.368000
25	0.158300
26	1.156000
27	1.156000
28	0.502600
29	1.156000
30	1.156000
31	0.106800
32	0.051400
33	0.265100
34	0.071200
35	0.138500
36	0.383800
37	0.098900
38	0.451100
39	0.581700
40	0.831000
41	0.985300
42	0.118700
43	0.751900
44	0.245300
45	0.193900
46	0.846800
47	0.083100
48	0.071200
49	0.379900
50	0.431300
51	0.482800
52	1.009100
53	0.490700
54	0.890400
55	0.186000
56	0.186000
57	0.372000
58	0.451100
59	0.095000
60	0.205800
61	0.316600
62	0.273000
63	0.569800
64	0.154300
65	0.510500
66	0.372000
67	0.538200
68	0.447200
69	1.156000
70	1.080300
71	0.379900
72	0.364100
73	0.375900
74	0.273000
75	0.470900
76	0.478800
77	0.217600
78	0.000000
79	1.156000
80	0.000000
81	0.162200
82	0.455100
83	0.277000
84	0.478800
85	0.114800
86	0.162200
87	0.257200
88	0.091000
89	0.146400
90	1.100100
91	1.156000
92	1.156000
93	0.482800
94	0.193900
95	0.201800
96	0.308700
97	0.482800
98	0.257200
99	0.296800
100	0.118700
101	0.411500
102	1.156000
103	1.156000
104	0.340300
105	0.561900
106	1.092200
107	0.213700
108	1.088200
109	0.906200
110	1.156000
111	0.253300
112	0.751900
113	0.577700
114	0.241400
115	0.550000
116	1.156000
117	1.131800
118	1.156000
119	0.233500
120	0.522300
121	0.241400
122	0.269100
123	0.241400
124	0.130600
125	0.320500
126	0.356100
127	0.229500
128	0.609400
129	1.156000
130	0.178100
131	0.162200
132	1.156000
133	0.577700
134	0.217600
135	0.189900
136	0.257200
137	0.130600
138	0.340300
139	0.134500
140	0.122700
141	0.344300
142	0.459000
143	1.017000
144	0.146400
145	0.510500
146	1.156000
147	1.156000
148	0.482800
149	1.020900
150	0.415500
151	0.201800
152	0.304700
153	0.561900
154	0.098900
155	0.308700
156	0.106800
157	0.106800
158	0.577700
159	0.502600
160	0.771600
161	1.096100
162	0.510500
163	0.344300
164	0.597500
165	0.918100
166	0.332400
167	1.156000
168	1.156000
169	0.431300
170	0.257200
171	0.332400
172	0.387800
173	0.284900
174	0.182000
175	1.156000
176	0.332400
177	0.439200
178	0.174100
179	0.201800
180	0.209700
181	0.561900
182	0.269100
183	0.949700
184	1.036800
185	0.316600
186	0.704400
187	0.292800
188	0.807300
