1	0.105400
2	0.116800
3	0.059800
4	0.076900
5	0.307700
6	0.173800
7	0.330500
8	0.039900
9	0.068400
10	0.322000
11	0.171000
12	0.182400
13	0.837700
14	1.300400
15	0.230800
16	0.065500
17	0.205200
18	0.088300
19	0.079800
20	0.228000
21	0.062700
22	0.125400
23	0.353300
24	0.353300
25	0.111100
26	1.300400
27	1.300400
28	0.333400
29	1.300400
30	1.300400
31	0.091200
32	0.051300
33	0.222300
34	0.045600
35	0.088300
36	0.307700
37	0.065500
38	0.319100
39	0.615500
40	0.686700
41	1.199600
42	0.091200
43	0.789300
44	0.182400
45	0.145300
46	0.606900
47	0.088300
48	0.054100
49	0.284900
50	0.401800
51	0.504400
52	0.766500
53	0.433100
54	0.826300
55	0.159600
56	0.145300
57	0.424600
58	0.515800
59	0.076900
60	0.114000
61	0.265000
62	0.202300
63	0.470200
64	0.133900
65	0.304900
66	0.384700
67	0.658200
68	0.595500
69	1.020100
70	1.300400
71	0.549900
72	0.284900
73	0.210900
74	0.208000
75	0.245100
76	0.230800
77	0.245100
78	0.447400
79	0.649700
80	1.071400
81	0.000000
82	1.300400
83	0.000000
84	1.031500
85	0.179500
86	0.270700
87	0.341900
88	0.076900
89	0.213700
90	1.300400
91	1.300400
92	1.300400
93	0.364700
94	0.359000
95	0.265000
96	0.344800
97	0.347600
98	0.353300
99	0.455900
100	0.119700
101	0.507200
102	1.300400
103	1.300400
104	0.304900
105	0.430300
106	1.300400
107	0.173800
108	1.131200
109	0.977400
110	1.300400
111	0.193800
112	0.712400
113	0.718100
114	0.193800
115	0.475900
116	1.300400
117	1.034400
118	1.300400
119	0.190900
120	0.416000
121	0.230800
122	0.242200
123	0.239400
124	0.085500
125	0.253600
126	0.302000
127	0.210900
128	0.430300
129	1.300400
130	0.133900
131	0.119700
132	1.091400
133	0.455900
134	0.193800
135	0.139600
136	0.267900
137	0.119700
138	0.356200
139	0.091200
140	0.099700
141	0.270700
142	0.481600
143	1.134100
144	0.131100
145	0.353300
146	1.182500
147	1.300400
148	0.481600
149	0.877600
150	0.313400
151	0.151000
152	0.319100
153	0.416000
154	0.088300
155	0.205200
156	0.085500
157	0.108300
158	0.470200
159	0.578400
160	0.797900
161	1.048600
162	0.427400
163	0.250800
164	0.515800
165	0.834900
166	0.242200
167	1.300400
168	1.300400
169	0.276400
170	0.216600
171	0.293500
172	0.287800
173	0.193800
174	0.142500
175	1.300400
176	0.267900
177	0.302000
178	0.102600
179	0.148200
180	0.168100
181	0.495800
182	0.230800
183	0.832000
184	0.869100
185	0.279200
186	0.604100
187	0.228000
188	0.683900
