1	0.088000
2	0.088000
3	0.041700
4	0.067100
5	0.238500
6	0.113500
7	0.240800
8	0.039400
9	0.062500
10	0.245400
11	0.113500
12	0.148200
13	0.664500
14	1.199700
15	0.180600
16	0.067100
17	0.162100
18	0.053300
19	0.060200
20	0.176000
21	0.046300
22	0.083400
23	0.275500
24	0.277800
25	0.081000
26	1.199700
27	1.187800
28	0.261600
29	1.199700
30	1.199700
31	0.071800
32	0.032400
33	0.169000
34	0.044000
35	0.078700
36	0.247700
37	0.055600
38	0.289400
39	0.474700
40	0.599700
41	1.062800
42	0.074100
43	0.620500
44	0.152800
45	0.143600
46	0.507100
47	0.055600
48	0.039400
49	0.243100
50	0.389000
51	0.460800
52	0.919200
53	0.437600
54	1.044300
55	0.169000
56	0.152800
57	0.419100
58	0.546400
59	0.062500
60	0.090300
61	0.238500
62	0.171300
63	0.333400
64	0.129700
65	0.240800
66	0.349600
67	0.611300
68	0.497800
69	1.046600
70	1.199700
71	0.324200
72	0.238500
73	0.185200
74	0.132000
75	0.164400
76	0.210700
77	0.159800
78	0.199100
79	1.199700
80	1.199700
81	0.171300
82	1.199700
83	0.213000
84	0.958600
85	0.419100
86	0.620500
87	0.159800
88	0.180600
89	0.000000
90	1.199700
91	0.000000
92	0.622800
93	0.284800
94	0.215300
95	0.312600
96	0.386700
97	0.257000
98	0.321800
99	0.389000
100	0.118100
101	0.514000
102	1.199700
103	1.199700
104	0.220000
105	0.375100
106	1.199700
107	0.145900
108	1.011800
109	0.789600
110	1.199700
111	0.180600
112	0.655300
113	0.930800
114	0.201400
115	0.372800
116	1.199700
117	0.893700
118	1.146100
119	0.150500
120	0.333400
121	0.206100
122	0.210700
123	0.217600
124	0.076400
125	0.252400
126	0.507100
127	0.393600
128	0.361200
129	1.199700
130	0.106500
131	0.081000
132	0.907600
133	0.365800
134	0.159800
135	0.113500
136	0.273200
137	0.092600
138	0.328800
139	0.074100
140	0.053300
141	0.224600
142	0.493200
143	1.044300
144	0.092600
145	0.310300
146	0.838200
147	1.194800
148	0.435300
149	0.870600
150	0.301000
151	0.125000
152	0.317200
153	0.333400
154	0.064800
155	0.192200
156	0.071800
157	0.090300
158	0.430700
159	0.511700
160	0.699300
161	0.944700
162	0.351900
163	0.238500
164	0.451500
165	0.859000
166	0.210700
167	1.199700
168	1.139200
169	0.226900
170	0.201400
171	0.229200
172	0.236200
173	0.164400
174	0.104200
175	1.199700
176	0.208400
177	0.229200
178	0.092600
179	0.118100
180	0.132000
181	0.393600
182	0.180600
183	0.808100
184	0.810400
185	0.247700
186	0.558000
187	0.162100
188	0.602000
