1	0.099900
2	0.128900
3	0.044700
4	0.068400
5	0.252500
6	0.131500
7	0.276100
8	0.050000
9	0.063100
10	0.265600
11	0.136800
12	0.136800
13	0.823200
14	1.258100
15	0.184100
16	0.060500
17	0.186700
18	0.068400
19	0.063100
20	0.189400
21	0.055200
22	0.113100
23	0.331400
24	0.307700
25	0.110500
26	1.258100
27	1.151900
28	0.299800
29	1.258100
30	1.258100
31	0.073600
32	0.039400
33	0.186700
34	0.044700
35	0.089400
36	0.242000
37	0.055200
38	0.310300
39	0.505000
40	0.597000
41	1.025700
42	0.078900
43	0.591700
44	0.139400
45	0.128900
46	0.547000
47	0.065700
48	0.047300
49	0.276100
50	0.378700
51	0.460200
52	0.954700
53	0.410300
54	1.046700
55	0.163100
56	0.142000
57	0.394500
58	0.502300
59	0.063100
60	0.097300
61	0.239300
62	0.189400
63	0.365600
64	0.142000
65	0.255100
66	0.336600
67	0.599600
68	0.418200
69	1.073000
70	1.258100
71	0.305100
72	0.189400
73	0.170900
74	0.155200
75	0.160400
76	0.189400
77	0.168300
78	0.210400
79	1.258100
80	1.258100
81	0.368200
82	1.258100
83	0.220900
84	0.944200
85	0.294600
86	0.405000
87	0.802100
88	0.099900
89	0.244600
90	0.752200
91	0.000000
92	1.258100
93	0.000000
94	0.362900
95	0.260400
96	0.213000
97	0.265600
98	0.294600
99	0.410300
100	0.099900
101	0.462900
102	1.258100
103	1.258100
104	0.247200
105	0.370800
106	1.258100
107	0.163100
108	0.991500
109	0.760100
110	1.258100
111	0.178800
112	0.668000
113	0.704800
114	0.202500
115	0.397100
116	1.258100
117	0.844200
118	1.258100
119	0.160400
120	0.365600
121	0.168300
122	0.186700
123	0.199900
124	0.073600
125	0.265600
126	0.460200
127	0.391900
128	0.360300
129	1.258100
130	0.121000
131	0.107800
132	0.986200
133	0.399800
134	0.186700
135	0.134100
136	0.268300
137	0.097300
138	0.334000
139	0.081500
140	0.071000
141	0.242000
142	0.481300
143	1.012500
144	0.097300
145	0.344500
146	1.109800
147	1.101900
148	0.436600
149	0.841600
150	0.315600
151	0.144600
152	0.286700
153	0.362900
154	0.071000
155	0.189400
156	0.097300
157	0.078900
158	0.423400
159	0.502300
160	0.752200
161	0.970500
162	0.362900
163	0.260400
164	0.507600
165	0.810000
166	0.218300
167	1.258100
168	1.141400
169	0.244600
170	0.213000
171	0.215700
172	0.257700
173	0.194600
174	0.128900
175	1.258100
176	0.220900
177	0.276100
178	0.121000
179	0.149900
180	0.163100
181	0.423400
182	0.173600
183	0.894200
184	0.910000
185	0.270900
186	0.594400
187	0.194600
188	0.652200
