1	0.081800
2	0.067700
3	0.042100
4	0.056100
5	0.226600
6	0.133200
7	0.282700
8	0.039700
9	0.058400
10	0.221900
11	0.142500
12	0.147200
13	0.735900
14	1.253300
15	0.196200
16	0.067700
17	0.144800
18	0.072400
19	0.063100
20	0.212600
21	0.046700
22	0.107500
23	0.327100
24	0.303700
25	0.091100
26	1.253300
27	1.093300
28	0.278000
29	1.253300
30	1.253300
31	0.063100
32	0.046700
33	0.191600
34	0.046700
35	0.093400
36	0.271000
37	0.070100
38	0.254600
39	0.427500
40	0.605100
41	0.887700
42	0.067700
43	0.525600
44	0.156500
45	0.151800
46	0.535000
47	0.063100
48	0.035000
49	0.207900
50	0.345700
51	0.390100
52	0.686800
53	0.362100
54	0.782600
55	0.158900
56	0.102800
57	0.303700
58	0.467200
59	0.079400
60	0.107500
61	0.172900
62	0.151800
63	0.334100
64	0.098100
65	0.224300
66	0.348100
67	0.586400
68	0.523300
69	0.887700
70	1.253300
71	0.292000
72	0.182200
73	0.170500
74	0.149500
75	0.168200
76	0.175200
77	0.151800
78	0.182200
79	1.253300
80	1.253300
81	0.163500
82	1.253300
83	0.161200
84	0.873700
85	0.317700
86	0.385500
87	0.235900
88	0.088800
89	0.394800
90	1.253300
91	1.253300
92	1.253300
93	0.205600
94	0.420500
95	0.313000
96	0.691500
97	0.474200
98	0.140200
99	0.217300
100	0.000000
101	1.253300
102	0.000000
103	1.253300
104	0.296700
105	0.927400
106	0.992900
107	0.191600
108	1.172700
109	0.939100
110	1.253300
111	0.198600
112	0.806000
113	0.887700
114	0.182200
115	0.411200
116	1.253300
117	0.955500
118	1.217100
119	0.165900
120	0.345700
121	0.186900
122	0.193900
123	0.210300
124	0.070100
125	0.275700
126	0.432200
127	0.355100
128	0.378500
129	1.253300
130	0.116800
131	0.093400
132	0.915800
133	0.364400
134	0.168200
135	0.135500
136	0.238300
137	0.116800
138	0.275700
139	0.079400
140	0.058400
141	0.210300
142	0.556000
143	1.032600
144	0.098100
145	0.278000
146	0.971800
147	1.091000
148	0.464900
149	0.817600
150	0.282700
151	0.102800
152	0.310700
153	0.392500
154	0.063100
155	0.165900
156	0.088800
157	0.100500
158	0.411200
159	0.511600
160	0.777900
161	1.032600
162	0.315400
163	0.224300
164	0.497600
165	0.871400
166	0.273300
167	1.253300
168	1.121300
169	0.235900
170	0.238300
171	0.243000
172	0.233600
173	0.168200
174	0.126200
175	1.253300
176	0.198600
177	0.247600
178	0.105100
179	0.149500
180	0.172900
181	0.369100
182	0.182200
183	0.747600
184	0.740600
185	0.245300
186	0.574700
187	0.221900
188	0.607400
