1	0.078500
2	0.105500
3	0.054000
4	0.054000
5	0.264900
6	0.127600
7	0.262500
8	0.054000
9	0.063800
10	0.252700
11	0.132500
12	0.137400
13	0.701600
14	1.321600
15	0.196200
16	0.066200
17	0.188900
18	0.066200
19	0.054000
20	0.179100
21	0.058900
22	0.090800
23	0.316500
24	0.269800
25	0.095700
26	1.321600
27	1.172600
28	0.274700
29	1.321600
30	1.321600
31	0.068700
32	0.034300
33	0.169300
34	0.046600
35	0.078500
36	0.250200
37	0.063800
38	0.284600
39	0.466100
40	0.613300
41	1.015600
42	0.081000
43	0.608400
44	0.149600
45	0.132500
46	0.493100
47	0.061300
48	0.061300
49	0.277200
50	0.404800
51	0.473400
52	1.008200
53	0.451400
54	1.025400
55	0.169300
56	0.134900
57	0.392500
58	0.529900
59	0.061300
60	0.083400
61	0.228100
62	0.152100
63	0.323800
64	0.115300
65	0.272300
66	0.348300
67	0.615700
68	0.412100
69	1.089200
70	1.321600
71	0.267400
72	0.159500
73	0.161900
74	0.125100
75	0.161900
76	0.161900
77	0.134900
78	0.174200
79	1.321600
80	1.321600
81	0.198700
82	1.321600
83	0.164400
84	0.853700
85	0.242900
86	0.321400
87	0.211000
88	0.090800
89	0.333600
90	1.321600
91	1.321600
92	1.321600
93	0.289500
94	0.404800
95	0.355700
96	0.498000
97	0.529900
98	0.169300
99	0.201200
100	0.095700
101	0.000000
102	1.321600
103	0.000000
104	0.480800
105	0.284600
106	1.321600
107	0.117700
108	1.224100
109	0.669700
110	1.321600
111	0.191300
112	0.637800
113	0.755600
114	0.188900
115	0.392500
116	1.321600
117	0.799700
118	1.321600
119	0.159500
120	0.345900
121	0.228100
122	0.225700
123	0.252700
124	0.076000
125	0.255100
126	0.473400
127	0.387600
128	0.394900
129	1.321600
130	0.122700
131	0.100600
132	0.993500
133	0.399900
134	0.139800
135	0.132500
136	0.225700
137	0.112800
138	0.296800
139	0.093200
140	0.085900
141	0.255100
142	0.583800
143	1.268300
144	0.125100
145	0.311500
146	0.870900
147	1.321600
148	0.404800
149	0.797300
150	0.262500
151	0.142300
152	0.267400
153	0.321400
154	0.063800
155	0.208500
156	0.088300
157	0.076000
158	0.461200
159	0.478400
160	0.814400
161	0.939500
162	0.431700
163	0.284600
164	0.630400
165	1.008200
166	0.215900
167	1.321600
168	1.170100
169	0.264900
170	0.245300
171	0.247800
172	0.250200
173	0.174200
174	0.134900
175	1.321600
176	0.208500
177	0.225700
178	0.103000
179	0.132500
180	0.137400
181	0.434200
182	0.179100
183	0.880700
184	0.865900
185	0.255100
186	0.630400
187	0.179100
188	0.615700
