1	0.108600
2	0.129700
3	0.066400
4	0.075400
5	0.298700
6	0.172000
7	0.353000
8	0.054300
9	0.072400
10	0.325900
11	0.169000
12	0.162900
13	0.917300
14	1.257500
15	0.247400
16	0.090500
17	0.229300
18	0.081500
19	0.066400
20	0.232300
21	0.060300
22	0.111600
23	0.337900
24	0.344000
25	0.090500
26	1.257500
27	1.257500
28	0.356100
29	1.257500
30	1.257500
31	0.078500
32	0.039200
33	0.211200
34	0.060300
35	0.102600
36	0.301700
37	0.075400
38	0.334900
39	0.606500
40	0.739300
41	1.122500
42	0.117700
43	0.790600
44	0.208200
45	0.150900
46	0.576300
47	0.069400
48	0.048300
49	0.283600
50	0.425500
51	0.473700
52	0.817700
53	0.337900
54	0.826800
55	0.172000
56	0.156900
57	0.356100
58	0.476700
59	0.084500
60	0.099600
61	0.250400
62	0.199100
63	0.443600
64	0.138800
65	0.313800
66	0.359100
67	0.600500
68	0.488800
69	1.155700
70	1.257500
71	0.347000
72	0.205200
73	0.196100
74	0.178000
75	0.202200
76	0.205200
77	0.181000
78	0.190100
79	1.257500
80	1.257500
81	0.229300
82	1.257500
83	0.217300
84	0.929400
85	0.347000
86	0.506900
87	0.304800
88	0.108600
89	0.232300
90	1.257500
91	1.257500
92	1.257500
93	0.322900
94	0.404300
95	0.265500
96	0.377200
97	0.401300
98	0.347000
99	0.443600
100	0.138800
101	0.606500
102	1.257500
103	1.257500
104	0.271600
105	1.257500
106	1.010800
107	0.000000
108	1.257500
109	0.000000
110	1.257500
111	0.187100
112	0.832800
113	0.522000
114	0.202200
115	0.476700
116	1.257500
117	1.146600
118	1.257500
119	0.175000
120	0.395300
121	0.208200
122	0.259500
123	0.253500
124	0.087500
125	0.283600
126	0.337900
127	0.238400
128	0.467700
129	1.257500
130	0.141800
131	0.126700
132	1.161700
133	0.443600
134	0.208200
135	0.135800
136	0.265500
137	0.105600
138	0.322900
139	0.102600
140	0.078500
141	0.241400
142	0.540100
143	1.179800
144	0.117700
145	0.425500
146	1.125500
147	1.257500
148	0.564300
149	0.899200
150	0.347000
151	0.175000
152	0.325900
153	0.506900
154	0.090500
155	0.232300
156	0.102600
157	0.108600
158	0.485800
159	0.612500
160	0.805600
161	1.182800
162	0.413400
163	0.244400
164	0.509900
165	0.838800
166	0.310800
167	1.257500
168	1.257500
169	0.350000
170	0.247400
171	0.307800
172	0.328900
173	0.241400
174	0.150900
175	1.257500
176	0.277600
177	0.301700
178	0.147900
179	0.175000
180	0.178000
181	0.525000
182	0.226300
183	0.917300
184	0.935400
185	0.298700
186	0.642700
187	0.244400
188	0.727200
