1	0.103400
2	0.135000
3	0.066100
4	0.066100
5	0.281500
6	0.120600
7	0.295800
8	0.046000
9	0.086200
10	0.318800
11	0.158000
12	0.152200
13	0.904700
14	1.209200
15	0.203900
16	0.068900
17	0.180900
18	0.083300
19	0.068900
20	0.212500
21	0.060300
22	0.117800
23	0.396400
24	0.324500
25	0.117800
26	1.209200
27	1.209200
28	0.347500
29	1.209200
30	1.209200
31	0.089000
32	0.048800
33	0.203900
34	0.043100
35	0.097700
36	0.304400
37	0.057400
38	0.338900
39	0.488300
40	0.669200
41	0.988000
42	0.083300
43	0.591700
44	0.163700
45	0.169500
46	0.611800
47	0.060300
48	0.048800
49	0.295800
50	0.356100
51	0.410700
52	0.729500
53	0.405000
54	0.743900
55	0.155100
56	0.140700
57	0.353300
58	0.465300
59	0.068900
60	0.109100
61	0.284300
62	0.180900
63	0.511200
64	0.149300
65	0.517000
66	0.353300
67	0.580200
68	0.445200
69	0.985100
70	1.180400
71	0.275700
72	0.192400
73	0.183800
74	0.152200
75	0.201000
76	0.195300
77	0.160800
78	0.180900
79	1.209200
80	1.209200
81	0.183800
82	1.209200
83	0.195300
84	0.772600
85	0.284300
86	0.396400
87	0.209700
88	0.103400
89	0.203900
90	1.209200
91	1.209200
92	1.163200
93	0.333200
94	0.324500
95	0.252700
96	0.353300
97	0.390600
98	0.284300
99	0.373400
100	0.103400
101	0.471000
102	1.209200
103	1.174700
104	0.270000
105	0.502600
106	0.930600
107	0.198200
108	1.091400
109	1.077000
110	1.209200
111	0.252700
112	0.781200
113	0.548600
114	0.192400
115	1.209200
116	0.000000
117	1.209200
118	0.000000
119	0.158000
120	0.950700
121	0.146500
122	0.229800
123	0.218300
124	0.100500
125	0.298700
126	0.416500
127	0.307300
128	0.494000
129	1.209200
130	0.149300
131	0.123500
132	1.209200
133	0.402100
134	0.158000
135	0.114900
136	0.255600
137	0.109100
138	0.307300
139	0.109100
140	0.089000
141	0.275700
142	0.433700
143	0.867400
144	0.097700
145	0.315900
146	0.913300
147	1.209200
148	0.488300
149	0.959300
150	0.324500
151	0.169500
152	0.307300
153	0.407800
154	0.091900
155	0.224000
156	0.091900
157	0.089000
158	0.436600
159	0.528500
160	0.712300
161	0.927700
162	0.387700
163	0.295800
164	0.465300
165	0.812800
166	0.244100
167	1.209200
168	1.131600
169	0.284300
170	0.241300
171	0.287200
172	0.270000
173	0.235500
174	0.120600
175	1.209200
176	0.252700
177	0.327400
178	0.117800
179	0.149300
180	0.163700
181	0.494000
182	0.224000
183	0.792700
184	0.942100
185	0.293000
186	0.577300
187	0.232600
188	0.689300
