1	0.087900
2	0.104900
3	0.065900
4	0.048800
5	0.248900
6	0.134200
7	0.244000
8	0.068300
9	0.053700
10	0.266000
11	0.124500
12	0.144000
13	0.754100
14	1.262900
15	0.180600
16	0.056100
17	0.148900
18	0.070800
19	0.056100
20	0.163500
21	0.058600
22	0.092700
23	0.288000
24	0.270900
25	0.100100
26	1.262900
27	1.105500
28	0.309900
29	1.262900
30	1.262900
31	0.102500
32	0.048800
33	0.168400
34	0.051200
35	0.085400
36	0.256200
37	0.051200
38	0.290400
39	0.485600
40	0.629600
41	0.856600
42	0.083000
43	0.522300
44	0.178200
45	0.153700
46	0.514900
47	0.078100
48	0.065900
49	0.292900
50	0.392900
51	0.429500
52	0.932200
53	0.419800
54	0.951800
55	0.136700
56	0.146400
57	0.344100
58	0.429500
59	0.070800
60	0.078100
61	0.190400
62	0.156200
63	0.327000
64	0.126900
65	0.214800
66	0.319700
67	0.480800
68	0.331900
69	0.932200
70	0.920000
71	0.263600
72	0.141500
73	0.141500
74	0.139100
75	0.156200
76	0.163500
77	0.144000
78	0.148900
79	1.262900
80	1.262900
81	0.178200
82	1.176300
83	0.168400
84	0.724800
85	0.285500
86	0.324600
87	0.231800
88	0.075700
89	0.214800
90	1.262900
91	1.262900
92	1.208000
93	0.266000
94	0.309900
95	0.312400
96	0.219600
97	0.297700
98	0.227000
99	0.278200
100	0.095200
101	0.497800
102	1.262900
103	1.262900
104	0.231800
105	0.407600
106	1.262900
107	0.151300
108	0.934700
109	0.693100
110	1.262900
111	0.178200
112	0.600300
113	0.698000
114	0.192800
115	0.375800
116	1.262900
117	0.790700
118	1.262900
119	0.165900
120	0.319700
121	0.234300
122	0.273300
123	0.241600
124	0.095200
125	0.324600
126	0.710200
127	0.549100
128	0.439300
129	1.262900
130	0.129300
131	0.104900
132	0.978600
133	0.453900
134	0.139100
135	0.131800
136	0.297700
137	0.129300
138	0.288000
139	0.070800
140	0.053700
141	0.000000
142	1.262900
143	0.000000
144	0.146400
145	0.280600
146	0.722400
147	1.217800
148	0.212300
149	0.683300
150	0.202600
151	0.119600
152	0.305100
153	0.300200
154	0.053700
155	0.190400
156	0.078100
157	0.170800
158	0.453900
159	0.578400
160	0.966400
161	0.978600
162	0.368500
163	0.270900
164	0.627200
165	1.005500
166	0.253800
167	1.262900
168	1.054300
169	0.229400
170	0.209900
171	0.246500
172	0.244000
173	0.209900
174	0.124500
175	1.262900
176	0.207400
177	0.227000
178	0.139100
179	0.112300
180	0.173300
181	0.480800
182	0.180600
183	0.878600
184	0.903000
185	0.322100
186	0.588100
187	0.190400
188	0.641800
