1	0.095100
2	0.097600
3	0.060100
4	0.067600
5	0.267900
6	0.130200
7	0.290400
8	0.050100
9	0.062600
10	0.265400
11	0.135200
12	0.142700
13	0.708500
14	1.250900
15	0.167700
16	0.055100
17	0.142700
18	0.057600
19	0.055100
20	0.175300
21	0.050100
22	0.107700
23	0.325500
24	0.295400
25	0.092600
26	1.250900
27	1.144200
28	0.297900
29	1.250900
30	1.250900
31	0.065100
32	0.040100
33	0.160200
34	0.037600
35	0.080100
36	0.235300
37	0.062600
38	0.280400
39	0.450700
40	0.603400
41	0.916300
42	0.075100
43	0.590900
44	0.150200
45	0.122700
46	0.493200
47	0.065100
48	0.042600
49	0.318000
50	0.390600
51	0.438100
52	0.933900
53	0.400600
54	0.876300
55	0.137700
56	0.117700
57	0.330500
58	0.443200
59	0.052600
60	0.092600
61	0.200300
62	0.140200
63	0.338000
64	0.090100
65	0.277900
66	0.290400
67	0.533300
68	0.355500
69	1.051500
70	0.946400
71	0.222800
72	0.137700
73	0.147700
74	0.132700
75	0.145200
76	0.155200
77	0.122700
78	0.185300
79	1.250900
80	1.250900
81	0.177800
82	1.250900
83	0.190300
84	0.753600
85	0.247900
86	0.360500
87	0.192800
88	0.067600
89	0.197800
90	1.250900
91	1.250900
92	1.241800
93	0.267900
94	0.262900
95	0.252900
96	0.252900
97	0.325500
98	0.200300
99	0.297900
100	0.082600
101	0.453200
102	1.250900
103	1.250900
104	0.247900
105	0.355500
106	1.250900
107	0.160200
108	0.999000
109	0.848700
110	1.250900
111	0.165200
112	0.535800
113	0.683500
114	0.170300
115	0.360500
116	1.250900
117	0.773600
118	1.250900
119	0.157700
120	0.290400
121	0.230300
122	0.245400
123	0.230300
124	0.075100
125	0.255400
126	0.618400
127	0.483200
128	0.418100
129	1.250900
130	0.127700
131	0.102700
132	1.024000
133	0.398100
134	0.112700
135	0.107700
136	0.227800
137	0.102700
138	0.350500
139	0.120200
140	0.050100
141	0.235300
142	0.000000
143	1.250900
144	0.000000
145	0.220300
146	0.540800
147	1.151700
148	0.137700
149	0.578400
150	0.265400
151	0.135200
152	0.282900
153	0.343000
154	0.060100
155	0.192800
156	0.085100
157	0.100100
158	0.490700
159	0.605900
160	0.996500
161	1.214300
162	0.410600
163	0.292900
164	0.645900
165	1.024000
166	0.230300
167	1.250900
168	1.250900
169	0.275400
170	0.227800
171	0.250400
172	0.255400
173	0.187800
174	0.135200
175	1.250900
176	0.217800
177	0.242900
178	0.112700
179	0.142700
180	0.130200
181	0.445700
182	0.187800
183	0.956400
184	0.901300
185	0.310500
186	0.668500
187	0.197800
188	0.678500
