1	0.084700
2	0.103300
3	0.050300
4	0.066200
5	0.262200
6	0.148300
7	0.272800
8	0.039700
9	0.063600
10	0.286000
11	0.124500
12	0.161600
13	0.802500
14	1.203400
15	0.188000
16	0.071500
17	0.190700
18	0.071500
19	0.063600
20	0.196000
21	0.058300
22	0.103300
23	0.360200
24	0.278100
25	0.090000
26	1.203400
27	1.149400
28	0.315200
29	1.203400
30	1.203400
31	0.071500
32	0.026500
33	0.185400
34	0.050300
35	0.087400
36	0.275400
37	0.060900
38	0.286000
39	0.513800
40	0.627700
41	0.929600
42	0.095300
43	0.667400
44	0.158900
45	0.135100
46	0.497900
47	0.060900
48	0.055600
49	0.230400
50	0.341600
51	0.397300
52	0.715100
53	0.373400
54	0.768000
55	0.148300
56	0.143000
57	0.323100
58	0.415800
59	0.066200
60	0.087400
61	0.246300
62	0.164200
63	0.357500
64	0.121800
65	0.235700
66	0.278100
67	0.532300
68	0.362800
69	0.919000
70	1.203400
71	0.272800
72	0.161600
73	0.166800
74	0.129800
75	0.185400
76	0.153600
77	0.143000
78	0.198600
79	1.203400
80	1.203400
81	0.169500
82	1.203400
83	0.174800
84	0.799800
85	0.246300
86	0.392000
87	0.222500
88	0.095300
89	0.177400
90	1.203400
91	1.203400
92	1.170600
93	0.309900
94	0.349600
95	0.294000
96	0.323100
97	0.339000
98	0.280700
99	0.328400
100	0.095300
101	0.415800
102	1.203400
103	1.138800
104	0.214500
105	0.405200
106	1.203400
107	0.177400
108	1.178500
109	1.024900
110	1.203400
111	0.217200
112	0.611800
113	0.572100
114	0.206600
115	0.389300
116	1.203400
117	0.964000
118	1.203400
119	0.169500
120	0.413100
121	0.238400
122	0.222500
123	0.230400
124	0.082100
125	0.214500
126	0.275400
127	0.174800
128	0.423700
129	1.203400
130	0.119200
131	0.119200
132	1.107000
133	0.431700
134	0.182700
135	0.137700
136	0.286000
137	0.135100
138	0.357500
139	0.108600
140	0.100600
141	0.270100
142	0.516400
143	0.998400
144	0.206600
145	0.466100
146	0.000000
147	1.203400
148	0.000000
149	0.723000
150	0.291300
151	0.132400
152	0.251600
153	0.373400
154	0.068900
155	0.190700
156	0.100600
157	0.079500
158	0.484700
159	0.627700
160	1.167900
161	1.203400
162	0.423700
163	0.312500
164	0.574700
165	1.011700
166	0.267500
167	1.203400
168	1.203400
169	0.312500
170	0.259500
171	0.312500
172	0.288700
173	0.196000
174	0.137700
175	1.203400
176	0.241000
177	0.267500
178	0.119200
179	0.158900
180	0.182700
181	0.484700
182	0.198600
183	0.924300
184	0.945500
185	0.301900
186	0.611800
187	0.196000
188	0.646200
