1	0.107800
2	0.122000
3	0.065300
4	0.068100
5	0.312100
6	0.167400
7	0.340500
8	0.042600
9	0.085100
10	0.317800
11	0.178700
12	0.181600
13	0.896500
14	1.265400
15	0.209900
16	0.070900
17	0.195800
18	0.085100
19	0.073800
20	0.209900
21	0.053900
22	0.124800
23	0.343300
24	0.306400
25	0.096500
26	1.265400
27	1.265400
28	0.357500
29	1.265400
30	1.265400
31	0.079400
32	0.039700
33	0.209900
34	0.048200
35	0.105000
36	0.354600
37	0.085100
38	0.329100
39	0.564600
40	0.675200
41	1.063900
42	0.088000
43	0.652500
44	0.187200
45	0.144700
46	0.573100
47	0.070900
48	0.062400
49	0.329100
50	0.402900
51	0.445400
52	0.913600
53	0.468100
54	0.947600
55	0.164600
56	0.170200
57	0.371700
58	0.558900
59	0.070900
60	0.093600
61	0.244000
62	0.204300
63	0.380200
64	0.099300
65	0.303600
66	0.329100
67	0.570300
68	0.414200
69	1.052600
70	1.211400
71	0.258200
72	0.173100
73	0.190100
74	0.178700
75	0.195800
76	0.190100
77	0.167400
78	0.207100
79	1.265400
80	1.265400
81	0.173100
82	1.265400
83	0.192900
84	0.794400
85	0.292200
86	0.334800
87	0.229800
88	0.093600
89	0.207100
90	1.265400
91	1.265400
92	1.265400
93	0.309200
94	0.351800
95	0.329100
96	0.340500
97	0.377300
98	0.278000
99	0.312100
100	0.119200
101	0.524900
102	1.265400
103	1.220000
104	0.249700
105	0.445400
106	1.265400
107	0.173100
108	1.055400
109	0.873800
110	1.265400
111	0.224100
112	0.723500
113	0.697900
114	0.190100
115	0.465300
116	1.265400
117	0.978800
118	1.265400
119	0.161700
120	0.383000
121	0.258200
122	0.272400
123	0.266700
124	0.113500
125	0.320600
126	0.553200
127	0.419900
128	0.456800
129	1.265400
130	0.147500
131	0.141900
132	1.228500
133	0.499300
134	0.167400
135	0.147500
136	0.303600
137	0.113500
138	0.323400
139	0.099300
140	0.105000
141	0.317800
142	0.729100
143	1.265400
144	0.156000
145	0.377300
146	0.771700
147	1.265400
148	0.570300
149	0.950400
150	0.363200
151	0.156000
152	0.374500
153	0.374500
154	0.070900
155	0.227000
156	0.136200
157	0.190100
158	0.400000
159	0.000000
160	1.265400
161	0.000000
162	0.167400
163	0.099300
164	0.593000
165	1.265400
166	0.266700
167	1.265400
168	1.265400
169	0.278000
170	0.351800
171	0.340500
172	0.314900
173	0.198600
174	0.167400
175	1.265400
176	0.261000
177	0.246800
178	0.173100
179	0.195800
180	0.207100
181	0.561700
182	0.295100
183	1.237000
184	1.265400
185	0.414200
186	0.913600
187	0.212800
188	0.890900
