1	0.089700
2	0.094600
3	0.058200
4	0.067900
5	0.257000
6	0.140600
7	0.283700
8	0.041200
9	0.065500
10	0.257000
11	0.135800
12	0.157600
13	0.761400
14	1.225400
15	0.206100
16	0.058200
17	0.155200
18	0.070300
19	0.050900
20	0.194000
21	0.038800
22	0.106700
23	0.312800
24	0.269100
25	0.106700
26	1.225400
27	1.023200
28	0.295800
29	1.225400
30	1.225400
31	0.060600
32	0.033900
33	0.169700
34	0.053300
35	0.072700
36	0.264300
37	0.063000
38	0.264300
39	0.492200
40	0.550400
41	0.880200
42	0.072700
43	0.584400
44	0.138200
45	0.133400
46	0.448600
47	0.060600
48	0.043600
49	0.257000
50	0.315200
51	0.390400
52	0.725000
53	0.327300
54	0.756500
55	0.135800
56	0.123700
57	0.327300
58	0.375800
59	0.060600
60	0.089700
61	0.218200
62	0.147900
63	0.329800
64	0.111500
65	0.283700
66	0.242500
67	0.455900
68	0.332200
69	0.914100
70	1.025700
71	0.230400
72	0.157600
73	0.138200
74	0.118800
75	0.152800
76	0.169700
77	0.121200
78	0.164900
79	1.225400
80	1.225400
81	0.150300
82	1.166300
83	0.179400
84	0.705600
85	0.220700
86	0.315200
87	0.198800
88	0.070300
89	0.184300
90	1.225400
91	1.225400
92	1.105700
93	0.286100
94	0.269100
95	0.206100
96	0.242500
97	0.286100
98	0.244900
99	0.307900
100	0.087300
101	0.421900
102	1.225400
103	1.225400
104	0.208500
105	0.356400
106	1.076600
107	0.135800
108	0.933500
109	0.809900
110	1.225400
111	0.174600
112	0.567400
113	0.635300
114	0.162500
115	0.368600
116	1.225400
117	0.771100
118	1.225400
119	0.160000
120	0.327300
121	0.169700
122	0.186700
123	0.164900
124	0.077600
125	0.257000
126	0.426800
127	0.310400
128	0.358900
129	1.225400
130	0.111500
131	0.111500
132	0.938400
133	0.361300
134	0.164900
135	0.101800
136	0.232800
137	0.075200
138	0.293400
139	0.084900
140	0.072700
141	0.223100
142	0.446200
143	1.129900
144	0.111500
145	0.286100
146	0.647400
147	1.225400
148	0.550400
149	0.780800
150	0.298200
151	0.140600
152	0.327300
153	0.368600
154	0.065500
155	0.203700
156	0.084900
157	0.121200
158	0.911700
159	0.982000
160	0.000000
161	1.225400
162	0.000000
163	0.055800
164	0.809900
165	1.052300
166	0.203700
167	1.225400
168	1.225400
169	0.240100
170	0.191600
171	0.274000
172	0.254600
173	0.184300
174	0.133400
175	1.225400
176	0.201300
177	0.247300
178	0.130900
179	0.162500
180	0.184300
181	0.485000
182	0.266700
183	1.069300
184	1.171200
185	0.327300
186	0.732300
187	0.213400
188	0.768600
