1	0.089800
2	0.085200
3	0.053000
4	0.055300
5	0.253300
6	0.128900
7	0.253300
8	0.043800
9	0.071400
10	0.276300
11	0.119700
12	0.145100
13	0.727600
14	1.238000
15	0.172700
16	0.053000
17	0.149700
18	0.069100
19	0.050700
20	0.163500
21	0.046100
22	0.096700
23	0.287800
24	0.283200
25	0.092100
26	1.238000
27	0.980900
28	0.276300
29	1.238000
30	1.238000
31	0.069100
32	0.032200
33	0.158900
34	0.053000
35	0.085200
36	0.255600
37	0.055300
38	0.255600
39	0.386800
40	0.545700
41	0.794400
42	0.071400
43	0.467400
44	0.140500
45	0.131300
46	0.428300
47	0.053000
48	0.057600
49	0.255600
50	0.336200
51	0.400700
52	0.762200
53	0.386800
54	0.771400
55	0.147400
56	0.119700
57	0.287800
58	0.428300
59	0.062200
60	0.078300
61	0.175000
62	0.170400
63	0.297000
64	0.087500
65	0.251000
66	0.262500
67	0.472000
68	0.304000
69	0.838200
70	0.974000
71	0.230300
72	0.133600
73	0.147400
74	0.110500
75	0.138200
76	0.140500
77	0.119700
78	0.147400
79	1.238000
80	1.238000
81	0.156600
82	1.080000
83	0.149700
84	0.697700
85	0.214100
86	0.294700
87	0.184200
88	0.073700
89	0.158900
90	1.238000
91	1.238000
92	1.077700
93	0.283200
94	0.257900
95	0.248700
96	0.234900
97	0.264800
98	0.198000
99	0.255600
100	0.094400
101	0.414500
102	1.238000
103	1.176700
104	0.223400
105	0.315500
106	1.185900
107	0.158900
108	0.771400
109	0.720700
110	1.238000
111	0.188800
112	0.564200
113	0.619400
114	0.184200
115	0.345400
116	1.238000
117	0.787500
118	1.238000
119	0.126600
120	0.329300
121	0.214100
122	0.216500
123	0.209500
124	0.089800
125	0.262500
126	0.488200
127	0.361500
128	0.343100
129	1.238000
130	0.110500
131	0.092100
132	0.877300
133	0.354600
134	0.147400
135	0.126600
136	0.230300
137	0.119700
138	0.244100
139	0.080600
140	0.076000
141	0.232600
142	0.534200
143	1.109900
144	0.101300
145	0.304000
146	0.688500
147	1.238000
148	0.462800
149	0.734600
150	0.299300
151	0.142800
152	0.278600
153	0.379900
154	0.103600
155	0.225700
156	0.124300
157	0.140500
158	0.746100
159	0.449000
160	0.909600
161	1.227300
162	1.031600
163	1.174400
164	0.000000
165	1.238000
166	0.000000
167	0.992500
168	0.729900
169	0.209500
170	0.195700
171	0.292400
172	0.234900
173	0.186500
174	0.115100
175	1.238000
176	0.207200
177	0.221100
178	0.105900
179	0.138200
180	0.165800
181	0.416800
182	0.172700
183	0.893400
184	0.888800
185	0.269400
186	0.617100
187	0.193400
188	0.642400
