1	0.090800
2	0.117600
3	0.053400
4	0.056100
5	0.272500
6	0.152300
7	0.309900
8	0.045400
9	0.064100
10	0.293900
11	0.130900
12	0.168300
13	0.780100
14	1.301800
15	0.221800
16	0.066800
17	0.200400
18	0.061400
19	0.066800
20	0.187000
21	0.061400
22	0.109500
23	0.347300
24	0.285900
25	0.096200
26	1.301800
27	1.143500
28	0.325900
29	1.301800
30	1.301800
31	0.077500
32	0.029400
33	0.165600
34	0.050800
35	0.082800
36	0.293900
37	0.077500
38	0.328600
39	0.555700
40	0.577100
41	0.996500
42	0.082800
43	0.729400
44	0.173700
45	0.157600
46	0.523700
47	0.072100
48	0.034700
49	0.251100
50	0.363400
51	0.350000
52	0.692000
53	0.336600
54	0.750700
55	0.136300
56	0.138900
57	0.315300
58	0.406100
59	0.069500
60	0.096200
61	0.232400
62	0.189700
63	0.398100
64	0.109500
65	0.283200
66	0.320600
67	0.558400
68	0.342000
69	0.969800
70	1.301800
71	0.288500
72	0.163000
73	0.173700
74	0.141600
75	0.173700
76	0.163000
77	0.138900
78	0.203000
79	1.301800
80	1.301800
81	0.168300
82	1.301800
83	0.216400
84	0.798800
85	0.277900
86	0.360700
87	0.243100
88	0.093500
89	0.197700
90	1.301800
91	1.301800
92	1.277100
93	0.342000
94	0.334000
95	0.275200
96	0.317900
97	0.334000
98	0.285900
99	0.347300
100	0.104200
101	0.448800
102	1.301800
103	1.301800
104	0.245800
105	0.398100
106	1.301800
107	0.149600
108	1.092700
109	0.983200
110	1.301800
111	0.203000
112	0.659900
113	0.649200
114	0.187000
115	0.414100
116	1.301800
117	0.921700
118	1.301800
119	0.165600
120	0.384700
121	0.184300
122	0.184300
123	0.221800
124	0.088200
125	0.256500
126	0.403400
127	0.315300
128	0.400800
129	1.301800
130	0.122900
131	0.096200
132	1.004600
133	0.435500
134	0.163000
135	0.112200
136	0.277900
137	0.101500
138	0.325900
139	0.082800
140	0.080200
141	0.235100
142	0.470200
143	1.290400
144	0.117600
145	0.360700
146	0.983200
147	1.301800
148	0.665300
149	0.884300
150	0.344600
151	0.157600
152	0.358000
153	0.414100
154	0.125600
155	0.200400
156	0.101500
157	0.093500
158	0.502300
159	0.614500
160	0.948500
161	1.301800
162	0.293900
163	0.411400
164	0.192400
165	0.614500
166	0.216400
167	0.000000
168	1.301800
169	0.000000
170	0.646600
171	0.261800
172	0.248500
173	0.195000
174	0.120200
175	1.301800
176	0.232400
177	0.240500
178	0.138900
179	0.179000
180	0.192400
181	0.566400
182	0.235100
183	1.060700
184	1.114100
185	0.317900
186	0.702700
187	0.208400
188	0.729400
