1	0.119800
2	0.123000
3	0.068000
4	0.064700
5	0.307500
6	0.174800
7	0.346300
8	0.061500
9	0.074400
10	0.362500
11	0.168300
12	0.191000
13	1.142600
14	1.208100
15	0.233100
16	0.074400
17	0.213600
18	0.080900
19	0.071200
20	0.220100
21	0.071200
22	0.119800
23	0.391700
24	0.314000
25	0.123000
26	1.208100
27	1.208100
28	0.414300
29	1.208100
30	1.208100
31	0.084200
32	0.042100
33	0.213600
34	0.048600
35	0.097100
36	0.310700
37	0.077700
38	0.349600
39	0.540600
40	0.695900
41	0.873900
42	0.100300
43	0.598800
44	0.191000
45	0.165100
46	0.602000
47	0.071200
48	0.055000
49	0.317200
50	0.398100
51	0.433700
52	0.831900
53	0.401400
54	0.909500
55	0.155400
56	0.135900
57	0.346300
58	0.417600
59	0.077700
60	0.106800
61	0.281600
62	0.207200
63	0.453200
64	0.123000
65	0.372200
66	0.320400
67	0.482300
68	0.336600
69	1.013100
70	1.126400
71	0.284800
72	0.161800
73	0.178000
74	0.168300
75	0.184500
76	0.220100
77	0.161800
78	0.184500
79	1.208100
80	1.208100
81	0.203900
82	1.208100
83	0.213600
84	0.848000
85	0.233100
86	0.323700
87	0.229800
88	0.080900
89	0.161800
90	1.208100
91	1.208100
92	1.162000
93	0.375500
94	0.249200
95	0.242800
96	0.268700
97	0.385200
98	0.229800
99	0.268700
100	0.103600
101	0.362500
102	1.208100
103	1.152300
104	0.271900
105	0.424000
106	0.990500
107	0.187700
108	0.906300
109	0.705600
110	1.208100
111	0.178000
112	0.627900
113	0.534100
114	0.194200
115	0.424000
116	1.208100
117	0.919300
118	1.208100
119	0.184500
120	0.404600
121	0.191000
122	0.200700
123	0.197400
124	0.093900
125	0.284800
126	0.294600
127	0.223300
128	0.472600
129	1.208100
130	0.139200
131	0.145700
132	1.139400
133	0.482300
134	0.187700
135	0.139200
136	0.233100
137	0.106800
138	0.288100
139	0.110100
140	0.093900
141	0.236300
142	0.404600
143	0.932200
144	0.123000
145	0.407800
146	1.208100
147	1.129700
148	0.394900
149	0.848000
150	0.310700
151	0.174800
152	0.255700
153	0.391700
154	0.087400
155	0.268700
156	0.077700
157	0.080900
158	0.521100
159	0.443400
160	0.579400
161	0.935400
162	0.430500
163	0.304300
164	0.453200
165	0.793000
166	0.326900
167	1.208100
168	1.048700
169	0.284800
170	0.200700
171	0.770400
172	0.391700
173	0.317200
174	0.000000
175	1.208100
176	0.000000
177	0.695900
178	0.074400
179	0.171600
180	0.168300
181	0.453200
182	0.229800
183	0.838300
184	0.922500
185	0.216900
186	0.530800
187	0.229800
188	0.624700
