1	0.089800
2	0.104400
3	0.051000
4	0.068000
5	0.220900
6	0.150500
7	0.257300
8	0.043700
9	0.072800
10	0.254900
11	0.148100
12	0.143200
13	0.813200
14	1.225600
15	0.182100
16	0.060700
17	0.169900
18	0.065500
19	0.068000
20	0.165100
21	0.063100
22	0.118900
23	0.327700
24	0.254900
25	0.097100
26	1.225600
27	1.022000
28	0.298600
29	1.225600
30	1.225600
31	0.065500
32	0.024300
33	0.172400
34	0.036400
35	0.053400
36	0.269500
37	0.058300
38	0.245200
39	0.420000
40	0.519500
41	0.854500
42	0.085000
43	0.568000
44	0.140800
45	0.126200
46	0.417500
47	0.055800
48	0.041300
49	0.218500
50	0.373800
51	0.337400
52	0.769500
53	0.378700
54	0.844800
55	0.126200
56	0.116500
57	0.347100
58	0.432100
59	0.065500
60	0.072800
61	0.189300
62	0.165100
63	0.322900
64	0.094700
65	0.267000
66	0.254900
67	0.432100
68	0.276700
69	0.878800
70	0.864200
71	0.211200
72	0.138400
73	0.128700
74	0.109200
75	0.155400
76	0.133500
77	0.114100
78	0.155400
79	1.225600
80	1.225600
81	0.135900
82	1.099700
83	0.165100
84	0.619000
85	0.174800
86	0.254900
87	0.211200
88	0.065500
89	0.174800
90	1.225600
91	1.225600
92	1.109400
93	0.281600
94	0.250000
95	0.250000
96	0.225800
97	0.322900
98	0.213600
99	0.257300
100	0.082500
101	0.383500
102	1.225600
103	1.065700
104	0.174800
105	0.378700
106	1.007400
107	0.143200
108	0.827800
109	0.672400
110	1.225600
111	0.179600
112	0.543800
113	0.599600
114	0.169900
115	0.390800
116	1.225600
117	0.781700
118	1.225600
119	0.145700
120	0.303400
121	0.172400
122	0.167500
123	0.201500
124	0.068000
125	0.237900
126	0.492800
127	0.386000
128	0.335000
129	1.225600
130	0.111700
131	0.109200
132	0.944300
133	0.371400
134	0.143200
135	0.109200
136	0.206300
137	0.082500
138	0.235500
139	0.087400
140	0.058300
141	0.276700
142	0.437000
143	1.019600
144	0.102000
145	0.291300
146	0.944300
147	1.073000
148	0.376300
149	0.774400
150	0.250000
151	0.111700
152	0.259700
153	0.327700
154	0.068000
155	0.191800
156	0.077700
157	0.075300
158	0.497600
159	0.631200
160	0.903000
161	1.196800
162	0.398100
163	0.264600
164	0.592300
165	0.866600
166	0.254900
167	1.225600
168	1.167600
169	0.320400
170	0.250000
171	0.325300
172	0.264600
173	0.220900
174	0.216000
175	1.225600
176	0.276700
177	0.262200
178	0.206300
179	0.308300
180	0.335000
181	0.587500
182	0.264600
183	0.810800
184	1.225600
185	0.000000
186	1.225600
187	0.000000
188	1.138500
