1	0.128200
2	0.134800
3	0.062500
4	0.118400
5	0.582000
6	0.312400
7	0.575400
8	0.072300
9	0.236800
10	1.177600
11	0.424200
12	0.000000
13	1.177600
14	0.000000
15	0.240000
16	0.111800
17	0.240000
18	0.108500
19	0.092100
20	0.434100
21	0.095400
22	0.282800
23	0.509700
24	0.486700
25	0.138100
26	1.177600
27	1.078600
28	0.374900
29	1.177600
30	1.177600
31	0.069100
32	0.032900
33	0.220300
34	0.072300
35	0.105200
36	0.299200
37	0.115100
38	0.401200
39	0.358400
40	0.785900
41	0.736600
42	0.101900
43	0.397900
44	0.184100
45	0.161100
46	0.628100
47	0.082200
48	0.055900
49	0.286100
50	0.388000
51	0.486700
52	0.812200
53	0.384700
54	0.864800
55	0.167700
56	0.121700
57	0.305800
58	0.427500
59	0.085500
60	0.111800
61	0.315700
62	0.197300
63	0.476800
64	0.108500
65	0.404500
66	0.305800
67	0.480100
68	0.342000
69	1.002900
70	0.976600
71	0.325500
72	0.177600
73	0.167700
74	0.157800
75	0.203900
76	0.223600
77	0.197300
78	0.200600
79	1.177600
80	1.177600
81	0.213700
82	1.154200
83	0.249900
84	0.779300
85	0.259800
86	0.345300
87	0.240000
88	0.092100
89	0.174300
90	1.127900
91	1.177600
92	1.164000
93	0.417600
94	0.253200
95	0.236800
96	0.292700
97	0.411000
98	0.226900
99	0.269600
100	0.078900
101	0.371600
102	1.177600
103	1.058800
104	0.269600
105	0.476800
106	0.924000
107	0.190700
108	0.897700
109	0.713600
110	1.177600
111	0.213700
112	0.611600
113	0.562300
114	0.203900
115	0.457100
116	1.177600
117	0.930600
118	1.177600
119	0.187400
120	0.450500
121	0.190700
122	0.194000
123	0.217000
124	0.098600
125	0.276200
126	0.319000
127	0.259800
128	0.493200
129	1.177600
130	0.131500
131	0.144700
132	1.177200
133	0.493200
134	0.194000
135	0.157800
136	0.233500
137	0.095400
138	0.319000
139	0.105200
140	0.092100
141	0.243300
142	0.424200
143	0.815500
144	0.118400
145	0.397900
146	1.177600
147	1.065400
148	0.371600
149	0.828600
150	0.332100
151	0.174300
152	0.240000
153	0.453800
154	0.095400
155	0.253200
156	0.082200
157	0.101900
158	0.490000
159	0.483400
160	0.670800
161	0.943700
162	0.447200
163	0.302500
164	0.509700
165	0.776000
166	0.282800
167	1.177600
168	0.983200
169	0.305800
170	0.213700
171	0.272900
172	0.342000
173	0.230200
174	0.164400
175	1.177600
176	0.295900
177	0.345300
178	0.131500
179	0.161100
180	0.167700
181	0.457100
182	0.263100
183	0.851700
184	0.970000
185	0.266400
186	0.614900
187	0.259800
188	0.723400
