1	0.109600
2	0.139000
3	0.074800
4	0.085500
5	0.582700
6	0.213800
7	0.310100
8	0.074800
9	0.120300
10	0.368900
11	0.125600
12	0.173700
13	0.964900
14	1.222900
15	0.392900
16	0.000000
17	1.222900
18	0.000000
19	0.400900
20	1.222900
21	0.139000
22	0.181800
23	0.358200
24	0.521200
25	0.125600
26	1.222900
27	1.222900
28	0.350200
29	1.222900
30	1.222900
31	0.120300
32	0.061500
33	0.360800
34	0.181800
35	0.139000
36	0.898100
37	0.213800
38	0.360800
39	1.222900
40	0.970300
41	1.222900
42	0.093600
43	0.836600
44	0.216500
45	0.168400
46	0.523900
47	0.045400
48	0.045400
49	0.275300
50	0.366200
51	0.473100
52	0.745800
53	0.419700
54	0.892800
55	0.152400
56	0.136300
57	0.409000
58	0.486500
59	0.045400
60	0.101600
61	0.232500
62	0.160400
63	0.392900
64	0.136300
65	0.350200
66	0.294000
67	0.593400
68	0.419700
69	0.932900
70	1.021100
71	0.264600
72	0.179100
73	0.171100
74	0.181800
75	0.171100
76	0.208500
77	0.139000
78	0.187100
79	1.222900
80	1.222900
81	0.163100
82	1.130700
83	0.205800
84	0.676300
85	0.248600
86	0.307400
87	0.173700
88	0.061500
89	0.171100
90	1.106600
91	1.222900
92	1.055800
93	0.315400
94	0.256600
95	0.229900
96	0.256600
97	0.326100
98	0.205800
99	0.259300
100	0.117600
101	0.294000
102	1.222900
103	1.130700
104	0.275300
105	0.342100
106	0.892800
107	0.155000
108	0.906100
109	0.665600
110	1.222900
111	0.187100
112	0.558600
113	0.515900
114	0.187100
115	0.465100
116	1.222900
117	0.745800
118	1.222900
119	0.181800
120	0.294000
121	0.179100
122	0.224500
123	0.181800
124	0.085500
125	0.283300
126	0.323400
127	0.224500
128	0.336800
129	1.222900
130	0.104200
131	0.125600
132	1.002400
133	0.409000
134	0.160400
135	0.117600
136	0.171100
137	0.155000
138	0.179100
139	0.096200
140	0.096200
141	0.208500
142	0.336800
143	0.668200
144	0.077500
145	0.310100
146	1.216200
147	1.021100
148	0.366200
149	0.788500
150	0.323400
151	0.109600
152	0.288700
153	0.392900
154	0.082900
155	0.147000
156	0.069500
157	0.096200
158	0.358200
159	0.446400
160	0.590700
161	0.772500
162	0.315400
163	0.232500
164	0.481100
165	0.636200
166	0.229900
167	1.222900
168	1.021100
169	0.310100
170	0.240600
171	0.275300
172	0.245900
173	0.224500
174	0.117600
175	1.222900
176	0.245900
177	0.307400
178	0.101600
179	0.152400
180	0.120300
181	0.387600
182	0.171100
183	0.761800
184	0.777800
185	0.302000
186	0.515900
187	0.195100
188	0.523900
