1	0.140700
2	0.144500
3	0.072200
4	0.079800
5	0.342200
6	0.190100
7	0.399200
8	0.060800
9	0.091300
10	0.414400
11	0.197700
12	0.235700
13	1.200600
14	1.200600
15	0.262400
16	0.129300
17	0.224300
18	0.114100
19	0.087500
20	0.235700
21	0.079800
22	0.155900
23	0.593200
24	0.349800
25	0.209100
26	1.200600
27	0.654000
28	1.200600
29	0.000000
30	1.200600
31	0.000000
32	0.026600
33	0.163500
34	0.064600
35	0.095100
36	0.254800
37	0.064600
38	0.433500
39	0.524700
40	0.722400
41	0.760500
42	0.106500
43	0.604600
44	0.212900
45	0.174900
46	0.737600
47	0.083700
48	0.060800
49	0.349800
50	0.410600
51	0.456300
52	0.927800
53	0.425900
54	0.950600
55	0.159700
56	0.155900
57	0.349800
58	0.395400
59	0.083700
60	0.117900
61	0.334600
62	0.231900
63	0.585600
64	0.133100
65	0.463900
66	0.357400
67	0.528500
68	0.327000
69	1.163500
70	1.091300
71	0.327000
72	0.193900
73	0.212900
74	0.178700
75	0.220500
76	0.243300
77	0.205300
78	0.224300
79	1.200600
80	1.200600
81	0.224300
82	1.200600
83	0.251000
84	0.893500
85	0.243300
86	0.338400
87	0.273800
88	0.095100
89	0.171100
90	1.200600
91	1.200600
92	1.200600
93	0.475300
94	0.273800
95	0.239500
96	0.319400
97	0.467700
98	0.258600
99	0.300400
100	0.106500
101	0.410600
102	1.200600
103	1.200600
104	0.338400
105	0.528500
106	1.102700
107	0.216700
108	1.045600
109	0.832700
110	1.200600
111	0.247100
112	0.726200
113	0.593200
114	0.247100
115	0.539900
116	1.200600
117	1.110300
118	1.200600
119	0.228100
120	0.498100
121	0.228100
122	0.235700
123	0.231900
124	0.117900
125	0.349800
126	0.395400
127	0.281400
128	0.577900
129	1.200600
130	0.155900
131	0.167300
132	1.200600
133	0.558900
134	0.220500
135	0.174900
136	0.266200
137	0.129300
138	0.334600
139	0.121700
140	0.114100
141	0.323200
142	0.490500
143	1.022800
144	0.144500
145	0.494300
146	1.200600
147	1.200600
148	0.460100
149	1.000000
150	0.406800
151	0.209100
152	0.285200
153	0.551300
154	0.091300
155	0.311800
156	0.098900
157	0.110300
158	0.562700
159	0.524700
160	0.737600
161	1.057000
162	0.524700
163	0.327000
164	0.570300
165	0.859300
166	0.323200
167	1.200600
168	1.186300
169	0.399200
170	0.251000
171	0.308000
172	0.361200
173	0.254800
174	0.182500
175	1.200600
176	0.334600
177	0.433500
178	0.152100
179	0.186300
180	0.190100
181	0.528500
182	0.277600
183	0.927800
184	1.041800
185	0.285200
186	0.665400
187	0.292800
188	0.787100
