1	0.105500
2	0.118100
3	0.040200
4	0.085400
5	0.655600
6	0.155700
7	0.301400
8	0.047700
9	0.075400
10	0.183400
11	0.125600
12	0.206000
13	0.823900
14	1.213200
15	0.193400
16	0.067800
17	0.334100
18	0.140700
19	0.173300
20	0.547600
21	0.281300
22	0.143200
23	0.517400
24	0.643000
25	0.160800
26	1.236100
27	1.236100
28	0.218500
29	0.899200
30	1.236100
31	0.092900
32	0.000000
33	1.236100
34	0.000000
35	0.301400
36	1.236100
37	0.168300
38	0.371800
39	0.725900
40	1.220800
41	1.230800
42	0.090400
43	0.695800
44	0.173300
45	0.180900
46	0.497300
47	0.067800
48	0.057800
49	0.256200
50	0.341600
51	0.459700
52	0.698300
53	0.396900
54	0.751000
55	0.158200
56	0.150700
57	0.316500
58	0.434600
59	0.047700
60	0.060300
61	0.231100
62	0.143200
63	0.364200
64	0.098000
65	0.263700
66	0.291400
67	0.540100
68	0.414500
69	0.874100
70	1.039900
71	0.281300
72	0.130600
73	0.105500
74	0.175800
75	0.150700
76	0.183400
77	0.180900
78	0.175800
79	1.236100
80	1.236100
81	0.165800
82	1.137900
83	0.165800
84	0.668200
85	0.183400
86	0.306400
87	0.185900
88	0.080400
89	0.256200
90	1.075100
91	1.236100
92	0.979600
93	0.321500
94	0.256200
95	0.175800
96	0.283800
97	0.341600
98	0.238600
99	0.208500
100	0.057800
101	0.364200
102	1.158000
103	0.931900
104	0.281300
105	0.414500
106	0.831400
107	0.133100
108	0.771100
109	0.607900
110	1.236100
111	0.183400
112	0.565200
113	0.459700
114	0.158200
115	0.427000
116	1.236100
117	0.776200
118	1.236100
119	0.123100
120	0.359200
121	0.190900
122	0.173300
123	0.168300
124	0.082900
125	0.248700
126	0.251200
127	0.193400
128	0.359200
129	1.236100
130	0.125600
131	0.092900
132	0.924400
133	0.301400
134	0.148200
135	0.140700
136	0.180900
137	0.082900
138	0.251200
139	0.080400
140	0.090400
141	0.238600
142	0.356700
143	0.695800
144	0.092900
145	0.273800
146	1.170500
147	0.921900
148	0.314000
149	0.675700
150	0.263700
151	0.135600
152	0.256200
153	0.346600
154	0.050200
155	0.243700
156	0.080400
157	0.075400
158	0.291400
159	0.447100
160	0.582800
161	0.783700
162	0.374300
163	0.200900
164	0.442100
165	0.625500
166	0.200900
167	1.236100
168	0.783700
169	0.273800
170	0.175800
171	0.306400
172	0.190900
173	0.173300
174	0.125600
175	1.236100
176	0.223600
177	0.256200
178	0.105500
179	0.150700
180	0.135600
181	0.399400
182	0.231100
183	0.708300
184	0.695800
185	0.213500
186	0.484800
187	0.155700
188	0.582800
