1	0.121700
2	0.106100
3	0.046600
4	0.080300
5	1.030300
6	0.220000
7	0.313200
8	0.046600
9	0.121700
10	0.220000
11	0.142400
12	0.134600
13	0.763700
14	1.087300
15	0.183800
16	0.067300
17	0.566900
18	0.217500
19	0.194200
20	0.517800
21	0.297700
22	0.134600
23	0.419400
24	0.494500
25	0.173500
26	1.136500
27	0.900900
28	0.636800
29	0.750800
30	1.360700
31	0.227800
32	0.349500
33	1.360700
34	0.585100
35	0.000000
36	1.360700
37	0.000000
38	0.378000
39	0.639400
40	1.360700
41	1.360700
42	0.051800
43	0.776600
44	0.155300
45	0.181200
46	0.611000
47	0.062100
48	0.033700
49	0.258900
50	0.440100
51	0.494500
52	0.774100
53	0.370200
54	0.779200
55	0.150200
56	0.137200
57	0.352100
58	0.414200
59	0.072500
60	0.085400
61	0.214900
62	0.173500
63	0.328800
64	0.121700
65	0.289900
66	0.295100
67	0.471200
68	0.372800
69	0.890600
70	1.009600
71	0.271800
72	0.152700
73	0.121700
74	0.142400
75	0.173500
76	0.178600
77	0.152700
78	0.152700
79	1.360700
80	1.360700
81	0.176000
82	1.084700
83	0.152700
84	0.662700
85	0.220000
86	0.266600
87	0.204500
88	0.072500
89	0.145000
90	1.079500
91	1.360700
92	0.869800
93	0.302900
94	0.233000
95	0.194200
96	0.233000
97	0.318400
98	0.222600
99	0.243300
100	0.072500
101	0.349500
102	1.162400
103	0.960400
104	0.214900
105	0.326200
106	0.810300
107	0.124300
108	0.755900
109	0.699000
110	1.360700
111	0.194200
112	0.502200
113	0.460800
114	0.168300
115	0.424600
116	1.360700
117	0.799900
118	1.284100
119	0.155300
120	0.328800
121	0.170900
122	0.176000
123	0.186400
124	0.093200
125	0.220000
126	0.349500
127	0.245900
128	0.460800
129	1.360700
130	0.103600
131	0.145000
132	0.890600
133	0.385700
134	0.152700
135	0.132000
136	0.191600
137	0.090600
138	0.238200
139	0.080300
140	0.082800
141	0.256300
142	0.367600
143	0.693800
144	0.090600
145	0.295100
146	1.092500
147	0.937100
148	0.354700
149	0.655000
150	0.269200
151	0.134600
152	0.155300
153	0.346900
154	0.054400
155	0.207100
156	0.077700
157	0.072500
158	0.370200
159	0.419400
160	0.675700
161	0.831000
162	0.349500
163	0.225200
164	0.422000
165	0.696400
166	0.181200
167	1.360700
168	0.942300
169	0.240800
170	0.168300
171	0.225200
172	0.258900
173	0.214900
174	0.111300
175	1.360700
176	0.186400
177	0.251100
178	0.095800
179	0.183800
180	0.157900
181	0.429700
182	0.186400
183	0.688600
184	0.805100
185	0.196700
186	0.520400
187	0.209700
188	0.535900
