1	0.100300
2	0.119900
3	0.044600
4	0.044600
5	0.376300
6	0.136600
7	0.287100
8	0.061300
9	0.064100
10	0.262000
11	0.175600
12	0.192300
13	0.604900
14	1.210100
15	0.423700
16	0.111500
17	0.710800
18	0.097600
19	0.097600
20	0.250900
21	0.072500
22	0.100300
23	0.356800
24	0.407000
25	0.153300
26	1.210100
27	1.210100
28	0.326100
29	1.210100
30	1.210100
31	0.178400
32	0.111500
33	0.331700
34	0.139400
35	0.153300
36	0.426500
37	0.136600
38	0.000000
39	1.210100
40	0.000000
41	0.978400
42	0.122600
43	1.210100
44	0.211800
45	0.172800
46	0.565800
47	0.078000
48	0.053000
49	0.264800
50	0.401400
51	0.473800
52	1.006200
53	0.443200
54	1.106600
55	0.170000
56	0.122600
57	0.367900
58	0.393000
59	0.080800
60	0.092000
61	0.262000
62	0.186800
63	0.381900
64	0.125400
65	0.306600
66	0.292700
67	0.560300
68	0.393000
69	0.970000
70	1.210100
71	0.264800
72	0.158900
73	0.172800
74	0.142200
75	0.181200
76	0.158900
77	0.133800
78	0.175600
79	1.210100
80	1.210100
81	0.172800
82	1.210100
83	0.184000
84	0.780500
85	0.259200
86	0.354000
87	0.231300
88	0.092000
89	0.147700
90	1.210100
91	1.210100
92	1.210100
93	0.323300
94	0.273200
95	0.250900
96	0.267600
97	0.315000
98	0.270400
99	0.317800
100	0.100300
101	0.365100
102	1.210100
103	1.148400
104	0.250900
105	0.426500
106	1.036900
107	0.139400
108	1.006200
109	0.741400
110	1.210100
111	0.203500
112	0.624400
113	0.638300
114	0.181200
115	0.454300
116	1.210100
117	0.850100
118	1.210100
119	0.150500
120	0.337300
121	0.181200
122	0.200700
123	0.175600
124	0.092000
125	0.250900
126	0.301000
127	0.228600
128	0.440400
129	1.210100
130	0.131000
131	0.114300
132	1.006200
133	0.457100
134	0.150500
135	0.125400
136	0.211800
137	0.117100
138	0.259200
139	0.105900
140	0.078000
141	0.248100
142	0.465500
143	0.883600
144	0.119900
145	0.345600
146	1.181800
147	1.156700
148	0.412500
149	0.819500
150	0.301000
151	0.139400
152	0.223000
153	0.429300
154	0.069700
155	0.245300
156	0.075300
157	0.097600
158	0.465500
159	0.493400
160	0.716300
161	1.031300
162	0.401400
163	0.234100
164	0.512900
165	0.699600
166	0.236900
167	1.210100
168	1.187400
169	0.275900
170	0.220200
171	0.250900
172	0.298200
173	0.250900
174	0.144900
175	1.210100
176	0.239700
177	0.289900
178	0.128200
179	0.147700
180	0.158900
181	0.432000
182	0.220200
183	0.772100
184	0.850100
185	0.242500
186	0.540700
187	0.223000
188	0.607600
