1	0.076300
2	0.084100
3	0.060500
4	0.060500
5	0.289200
6	0.155100
7	0.263000
8	0.050000
9	0.076300
10	0.278700
11	0.152500
12	0.173500
13	0.791500
14	1.243800
15	0.192000
16	0.068400
17	0.181400
18	0.055200
19	0.076300
20	0.202500
21	0.052600
22	0.105200
23	0.326100
24	0.276100
25	0.081500
26	1.243800
27	1.091300
28	0.289200
29	1.243800
30	1.243800
31	0.073600
32	0.034200
33	0.181400
34	0.055200
35	0.089400
36	0.297100
37	0.078900
38	0.281400
39	0.578500
40	1.167500
41	1.051800
42	0.099900
43	0.765200
44	0.157800
45	0.189300
46	0.678400
47	0.081500
48	0.071000
49	0.562700
50	0.620600
51	0.000000
52	1.243800
53	0.000000
54	1.243800
55	0.152500
56	0.234000
57	0.391800
58	0.639000
59	0.073600
60	0.076300
61	0.223500
62	0.176200
63	0.299800
64	0.115700
65	0.294500
66	0.302400
67	0.468100
68	0.318200
69	1.072900
70	1.199100
71	0.239300
72	0.139400
73	0.134100
74	0.121000
75	0.173500
76	0.184100
77	0.136700
78	0.149900
79	1.243800
80	1.243800
81	0.157800
82	1.030800
83	0.178800
84	0.767800
85	0.181400
86	0.236700
87	0.215600
88	0.086800
89	0.168300
90	1.243800
91	1.243800
92	1.243800
93	0.305000
94	0.260300
95	0.252400
96	0.241900
97	0.341800
98	0.197200
99	0.226100
100	0.089400
101	0.339200
102	1.243800
103	1.243800
104	0.231400
105	0.352400
106	1.230600
107	0.163000
108	0.781000
109	0.541700
110	1.243800
111	0.197200
112	0.546900
113	0.673200
114	0.189300
115	0.347100
116	1.243800
117	0.731000
118	1.243800
119	0.173500
120	0.315500
121	0.228800
122	0.220900
123	0.202500
124	0.086800
125	0.260300
126	0.612700
127	0.457500
128	0.415500
129	1.243800
130	0.102600
131	0.102600
132	0.996600
133	0.404900
134	0.147300
135	0.160400
136	0.186700
137	0.107800
138	0.315500
139	0.073600
140	0.073600
141	0.289200
142	0.512800
143	1.051800
144	0.099900
145	0.349700
146	1.222700
147	0.928200
148	0.286600
149	0.710000
150	0.268200
151	0.123600
152	0.241900
153	0.357600
154	0.089400
155	0.213000
156	0.060500
157	0.086800
158	0.412800
159	0.447000
160	0.667900
161	0.875600
162	0.397100
163	0.273500
164	0.557500
165	0.791500
166	0.223500
167	1.243800
168	0.852000
169	0.247200
170	0.157800
171	0.218300
172	0.270800
173	0.189300
174	0.131500
175	1.243800
176	0.205100
177	0.276100
178	0.115700
179	0.123600
180	0.123600
181	0.355000
182	0.170900
183	0.828300
184	0.817800
185	0.226100
186	0.568000
187	0.173500
188	0.560100
