1	0.090100
2	0.110700
3	0.064300
4	0.069500
5	0.262500
6	0.144100
7	0.321700
8	0.038600
9	0.069500
10	0.293400
11	0.149300
12	0.162100
13	0.802900
14	1.296000
15	0.187900
16	0.069500
17	0.205900
18	0.064300
19	0.077200
20	0.167300
21	0.048900
22	0.095200
23	0.329400
24	0.277900
25	0.105500
26	1.296000
27	1.124600
28	0.308800
29	1.296000
30	1.296000
31	0.074600
32	0.033500
33	0.187900
34	0.051500
35	0.087500
36	0.283100
37	0.064300
38	0.308800
39	0.604800
40	0.728300
41	1.091100
42	0.084900
43	0.790000
44	0.175000
45	0.162100
46	0.697400
47	0.082300
48	0.066900
49	0.321700
50	0.393700
51	0.609900
52	1.296000
53	0.000000
54	1.296000
55	0.000000
56	0.100400
57	0.267600
58	1.114300
59	0.064300
60	0.066900
61	0.229000
62	0.159600
63	0.285600
64	0.108100
65	0.208400
66	0.316500
67	0.488900
68	0.337100
69	1.086000
70	1.235200
71	0.239300
72	0.159600
73	0.167300
74	0.136400
75	0.175000
76	0.169800
77	0.144100
78	0.164700
79	1.296000
80	1.296000
81	0.193000
82	1.052500
83	0.175000
84	0.792600
85	0.203300
86	0.257300
87	0.218700
88	0.079800
89	0.162100
90	1.296000
91	1.296000
92	1.296000
93	0.306200
94	0.277900
95	0.262500
96	0.244500
97	0.283100
98	0.200700
99	0.259900
100	0.087500
101	0.365400
102	1.296000
103	1.296000
104	0.216200
105	0.350000
106	1.196600
107	0.151800
108	0.748900
109	0.591900
110	1.296000
111	0.182700
112	0.545600
113	0.643400
114	0.190400
115	0.375700
116	1.296000
117	0.710300
118	1.296000
119	0.162100
120	0.347400
121	0.208400
122	0.252200
123	0.198200
124	0.079800
125	0.293400
126	0.625300
127	0.429800
128	0.424600
129	1.296000
130	0.108100
131	0.095200
132	1.042200
133	0.424600
134	0.146700
135	0.110700
136	0.257300
137	0.102900
138	0.211000
139	0.087500
140	0.077200
141	0.226500
142	0.496700
143	0.934200
144	0.108100
145	0.324300
146	1.073100
147	0.947000
148	0.334500
149	0.702500
150	0.267600
151	0.123500
152	0.257300
153	0.357700
154	0.066900
155	0.200700
156	0.087500
157	0.105500
158	0.396300
159	0.458100
160	0.656200
161	0.869800
162	0.373100
163	0.259900
164	0.540400
165	0.759200
166	0.229000
167	1.296000
168	0.880100
169	0.254800
170	0.167300
171	0.226500
172	0.239300
173	0.169800
174	0.113200
175	1.296000
176	0.229000
177	0.249600
178	0.110700
179	0.128700
180	0.131200
181	0.391200
182	0.175000
183	0.905800
184	0.851800
185	0.267600
186	0.594500
187	0.216200
188	0.571300
