1	0.105100
2	0.116500
3	0.059700
4	0.073900
5	0.295600
6	0.139300
7	0.295600
8	0.045500
9	0.082400
10	0.292700
11	0.142100
12	0.162000
13	0.770100
14	1.316500
15	0.218800
16	0.068200
17	0.198900
18	0.079600
19	0.073900
20	0.210300
21	0.051200
22	0.099500
23	0.324000
24	0.324000
25	0.110800
26	1.316500
27	1.316500
28	0.321100
29	1.316500
30	1.316500
31	0.056800
32	0.042600
33	0.218800
34	0.051200
35	0.093800
36	0.312600
37	0.062500
38	0.318300
39	0.585400
40	0.727500
41	1.193600
42	0.105100
43	0.670700
44	0.187600
45	0.150600
46	0.548500
47	0.068200
48	0.062500
49	0.287000
50	0.426300
51	0.486000
52	0.966200
53	0.437600
54	1.048600
55	0.244400
56	0.216000
57	0.596800
58	0.787200
59	0.102300
60	0.136400
61	0.267100
62	0.196100
63	0.412100
64	0.187600
65	0.287000
66	0.628100
67	0.602500
68	0.412100
69	0.000000
70	1.316500
71	0.000000
72	0.127900
73	0.304100
74	0.159100
75	0.167700
76	0.198900
77	0.167700
78	0.153500
79	1.316500
80	1.316500
81	0.210300
82	1.316500
83	0.224500
84	1.316500
85	0.420600
86	0.517200
87	0.235900
88	0.102300
89	0.275700
90	1.316500
91	1.316500
92	1.316500
93	0.287000
94	0.417800
95	0.463200
96	0.332500
97	0.335300
98	0.329700
99	0.474600
100	0.122200
101	0.576900
102	1.316500
103	1.316500
104	0.258600
105	0.392200
106	1.316500
107	0.181900
108	1.111200
109	0.923600
110	1.316500
111	0.227300
112	0.659300
113	1.079900
114	0.258600
115	0.437600
116	1.316500
117	0.954900
118	1.190700
119	0.173400
120	0.392200
121	0.204600
122	0.162000
123	0.179000
124	0.085300
125	0.238700
126	0.324000
127	0.227300
128	0.440500
129	1.316500
130	0.133600
131	0.119400
132	1.077100
133	0.426300
134	0.196100
135	0.136400
136	0.267100
137	0.105100
138	0.338200
139	0.096600
140	0.090900
141	0.224500
142	0.409200
143	0.858200
144	0.130700
145	0.392200
146	1.091300
147	1.316500
148	0.707600
149	1.239100
150	0.335300
151	0.164800
152	0.468900
153	0.403500
154	0.079600
155	0.230200
156	0.082400
157	0.105100
158	0.474600
159	0.557000
160	0.713300
161	1.000300
162	0.420600
163	0.241600
164	0.440500
165	0.815600
166	0.216000
167	1.316500
168	1.316500
169	0.312600
170	0.193200
171	0.264300
172	0.301200
173	0.204600
174	0.133600
175	1.316500
176	0.230200
177	0.264300
178	0.127900
179	0.156300
180	0.162000
181	0.432000
182	0.204600
183	0.815600
184	0.846900
185	0.255800
186	0.514400
187	0.221700
188	0.622400
