1	0.140200
2	0.151900
3	0.074000
4	0.081800
5	0.393400
6	0.202600
7	0.405100
8	0.070100
9	0.097400
10	0.428500
11	0.214200
12	0.233700
13	1.169100
14	1.169100
15	0.292100
16	0.105200
17	0.233700
18	0.105200
19	0.093500
20	0.253200
21	0.077900
22	0.175300
23	0.518100
24	0.381700
25	0.159700
26	1.169100
27	1.169100
28	0.502500
29	1.169100
30	1.169100
31	0.093500
32	0.054500
33	0.253200
34	0.074000
35	0.113000
36	0.366200
37	0.105200
38	0.459600
39	0.627100
40	0.849200
41	0.942700
42	0.124600
43	0.720600
44	0.222000
45	0.194800
46	0.763500
47	0.089600
48	0.077900
49	0.385600
50	0.416800
51	0.475200
52	0.938800
53	0.436300
54	0.903700
55	0.163600
56	0.155800
57	0.401200
58	0.409000
59	0.077900
60	0.120800
61	0.323300
62	0.261000
63	0.580400
64	0.144100
65	0.448000
66	0.338900
67	0.572600
68	0.354500
69	1.145200
70	1.071200
71	0.342800
72	0.202600
73	0.319400
74	0.167500
75	0.362300
76	0.358400
77	0.218100
78	0.132400
79	0.000000
80	1.169100
81	0.000000
82	0.541400
83	0.183100
84	0.444100
85	0.116900
86	0.183100
87	0.222000
88	0.074000
89	0.124600
90	1.040000
91	1.169100
92	1.086800
93	0.455700
94	0.159700
95	0.183100
96	0.323300
97	0.479100
98	0.299900
99	0.299900
100	0.093500
101	0.381700
102	1.169100
103	1.169100
104	0.342800
105	0.525900
106	1.082900
107	0.214200
108	1.079000
109	0.849200
110	1.169100
111	0.225900
112	0.728400
113	0.541400
114	0.233700
115	0.557000
116	1.169100
117	1.094600
118	1.169100
119	0.233700
120	0.518100
121	0.241500
122	0.261000
123	0.261000
124	0.116900
125	0.327200
126	0.296000
127	0.206400
128	0.603800
129	1.169100
130	0.167500
131	0.163600
132	1.169100
133	0.553100
134	0.229800
135	0.175300
136	0.264900
137	0.136300
138	0.338900
139	0.124600
140	0.116900
141	0.311600
142	0.486900
143	0.993300
144	0.140200
145	0.525900
146	1.169100
147	1.169100
148	0.463500
149	0.989400
150	0.424600
151	0.222000
152	0.292100
153	0.557000
154	0.101300
155	0.323300
156	0.097400
157	0.116900
158	0.576500
159	0.533700
160	0.747900
161	1.071200
162	0.529800
163	0.335000
164	0.553100
165	0.876400
166	0.327200
167	1.169100
168	1.169100
169	0.397300
170	0.253200
171	0.323300
172	0.366200
173	0.280500
174	0.187000
175	1.169100
176	0.354500
177	0.440200
178	0.155800
179	0.194800
180	0.202600
181	0.545300
182	0.288200
183	0.942700
184	1.043900
185	0.280500
186	0.611600
187	0.288200
188	0.802400
