1	0.085600
2	0.104900
3	0.052400
4	0.077300
5	0.267700
6	0.129700
7	0.303600
8	0.055200
9	0.069000
10	0.334000
11	0.124200
12	0.176700
13	0.866700
14	1.205500
15	0.198700
16	0.063500
17	0.184900
18	0.074500
19	0.066200
20	0.187700
21	0.058000
22	0.118700
23	0.375400
24	0.334000
25	0.118700
26	1.205500
27	1.205500
28	0.328500
29	1.205500
30	1.205500
31	0.082800
32	0.041400
33	0.198700
34	0.063500
35	0.074500
36	0.287100
37	0.071800
38	0.309100
39	0.510600
40	0.690000
41	0.996400
42	0.099400
43	0.601700
44	0.168400
45	0.179400
46	0.557600
47	0.085600
48	0.069000
49	0.287100
50	0.356100
51	0.414000
52	0.872200
53	0.397500
54	0.949500
55	0.173900
56	0.149100
57	0.436100
58	0.538200
59	0.063500
60	0.107600
61	0.292600
62	0.198700
63	0.461000
64	0.143500
65	0.309100
66	0.414000
67	0.576900
68	0.590700
69	1.178600
70	1.205500
71	0.369900
72	0.229100
73	0.176700
74	0.143500
75	0.182200
76	0.259500
77	0.218100
78	0.281500
79	1.040600
80	1.205500
81	0.201500
82	1.205500
83	0.000000
84	1.205500
85	0.000000
86	0.386400
87	0.234600
88	0.069000
89	0.234600
90	1.205500
91	1.205500
92	1.205500
93	0.314700
94	0.405700
95	0.378100
96	0.317400
97	0.364300
98	0.231900
99	0.292600
100	0.085600
101	0.491300
102	1.205500
103	1.205500
104	0.242900
105	0.438900
106	1.205500
107	0.157300
108	1.007500
109	0.767300
110	1.205500
111	0.171100
112	0.590700
113	0.869500
114	0.190500
115	0.425100
116	1.205500
117	0.883300
118	1.205500
119	0.176700
120	0.375400
121	0.204300
122	0.209800
123	0.201500
124	0.088300
125	0.276000
126	0.353300
127	0.273300
128	0.389200
129	1.205500
130	0.118700
131	0.132500
132	1.104100
133	0.414000
134	0.187700
135	0.132500
136	0.295300
137	0.115900
138	0.372600
139	0.096600
140	0.060700
141	0.220800
142	0.452700
143	0.963300
144	0.099400
145	0.408500
146	1.200700
147	1.178600
148	0.516200
149	0.938500
150	0.339500
151	0.149100
152	0.320200
153	0.405700
154	0.082800
155	0.215300
156	0.091100
157	0.080000
158	0.433300
159	0.477500
160	0.659700
161	0.968800
162	0.419500
163	0.253900
164	0.452700
165	0.825300
166	0.220800
167	1.205500
168	1.120600
169	0.284300
170	0.207000
171	0.273300
172	0.292600
173	0.198700
174	0.132500
175	1.205500
176	0.237400
177	0.270500
178	0.099400
179	0.165600
180	0.143500
181	0.416800
182	0.190500
183	0.767300
184	0.861200
185	0.231900
186	0.521700
187	0.215300
188	0.618300
