1	0.082400
2	0.090400
3	0.058500
4	0.095700
5	0.247300
6	0.132900
7	0.295100
8	0.055800
9	0.074400
10	0.244600
11	0.196700
12	0.210000
13	0.919900
14	1.203100
15	0.220700
16	0.069100
17	0.220700
18	0.095700
19	0.079800
20	0.247300
21	0.079800
22	0.127600
23	0.377500
24	0.364200
25	0.106300
26	1.203100
27	1.203100
28	0.329700
29	1.203100
30	1.203100
31	0.066500
32	0.047900
33	0.175500
34	0.061200
35	0.103700
36	0.308400
37	0.082400
38	0.319000
39	0.545000
40	0.672700
41	0.975800
42	0.098400
43	0.531700
44	0.212700
45	0.167500
46	0.491900
47	0.058500
48	0.045200
49	0.210000
50	0.343000
51	0.420100
52	0.667300
53	0.372200
54	0.784300
55	0.191400
56	0.114300
57	0.351000
58	0.401500
59	0.069100
60	0.103700
61	0.257900
62	0.172800
63	0.380200
64	0.196700
65	0.374900
66	0.422700
67	0.779000
68	0.600900
69	1.108700
70	1.203100
71	0.550400
72	0.308400
73	0.223300
74	0.215400
75	0.212700
76	0.249900
77	0.271200
78	0.268500
79	0.802900
80	1.143300
81	0.481200
82	0.880000
83	0.210000
84	0.000000
85	1.203100
86	0.000000
87	0.257900
88	0.196700
89	0.563700
90	1.203100
91	1.203100
92	1.203100
93	0.351000
94	0.989100
95	0.638100
96	0.518500
97	0.380200
98	0.263200
99	0.316400
100	0.085100
101	0.574300
102	1.203100
103	1.007700
104	0.220700
105	0.444000
106	1.130000
107	0.215400
108	1.203100
109	0.973100
110	1.203100
111	0.210000
112	0.651400
113	0.521100
114	0.199400
115	0.388200
116	1.203100
117	1.036900
118	1.203100
119	0.172800
120	0.385500
121	0.175500
122	0.207400
123	0.255200
124	0.114300
125	0.284500
126	0.329700
127	0.199400
128	0.507800
129	1.203100
130	0.162200
131	0.151500
132	0.954500
133	0.422700
134	0.119600
135	0.156900
136	0.162200
137	0.082400
138	0.297800
139	0.093100
140	0.103700
141	0.292500
142	0.574300
143	1.015600
144	0.093100
145	0.380200
146	1.055500
147	1.164500
148	0.390800
149	0.821600
150	0.316400
151	0.151500
152	0.319000
153	0.366900
154	0.050500
155	0.239300
156	0.071800
157	0.090400
158	0.340300
159	0.553000
160	0.776400
161	0.975800
162	0.374900
163	0.202100
164	0.478600
165	0.813600
166	0.249900
167	1.203100
168	1.203100
169	0.305800
170	0.223300
171	0.271200
172	0.268500
173	0.199400
174	0.098400
175	1.203100
176	0.215400
177	0.313700
178	0.138300
179	0.156900
180	0.154200
181	0.497200
182	0.180800
183	0.768400
184	0.848100
185	0.297800
186	0.473300
187	0.172800
188	0.579600
