1	0.129200
2	0.148700
3	0.078300
4	0.090000
5	0.391400
6	0.191800
7	0.434500
8	0.070500
9	0.105700
10	0.430600
11	0.211400
12	0.238800
13	1.224700
14	1.224700
15	0.274000
16	0.097900
17	0.266200
18	0.097900
19	0.086100
20	0.289700
21	0.074400
22	0.164400
23	0.493200
24	0.383600
25	0.133100
26	1.224700
27	1.224700
28	0.461900
29	1.224700
30	1.224700
31	0.097900
32	0.043100
33	0.234900
34	0.066500
35	0.109600
36	0.387500
37	0.097900
38	0.430600
39	0.595000
40	0.849400
41	1.029500
42	0.113500
43	0.755500
44	0.223100
45	0.215300
46	0.872900
47	0.082200
48	0.066500
49	0.340500
50	0.461900
51	0.505000
52	0.970800
53	0.473600
54	0.998200
55	0.176100
56	0.184000
57	0.399300
58	0.485400
59	0.086100
60	0.121300
61	0.324900
62	0.254400
63	0.606700
64	0.156600
65	0.461900
66	0.414900
67	0.587200
68	0.426700
69	1.221300
70	1.224700
71	0.364000
72	0.254400
73	0.234900
74	0.184000
75	0.258300
76	0.277900
77	0.234900
78	0.301400
79	1.224700
80	1.224700
81	0.430600
82	1.224700
83	0.199600
84	0.739800
85	0.328800
86	0.297500
87	0.097900
88	0.097900
89	0.324900
90	0.000000
91	1.224700
92	0.000000
93	0.270100
94	0.172200
95	0.227000
96	0.414900
97	0.516700
98	0.277900
99	0.321000
100	0.117400
101	0.446200
102	1.224700
103	1.224700
104	0.305300
105	0.520600
106	1.135200
107	0.223100
108	1.224700
109	0.900300
110	1.224700
111	0.258300
112	0.884600
113	0.614600
114	0.230900
115	0.551900
116	1.224700
117	1.224700
118	1.224700
119	0.242700
120	0.528400
121	0.238800
122	0.258300
123	0.246600
124	0.137000
125	0.340500
126	0.387500
127	0.285700
128	0.606700
129	1.224700
130	0.168300
131	0.180100
132	1.224700
133	0.567600
134	0.219200
135	0.176100
136	0.274000
137	0.140900
138	0.336600
139	0.125300
140	0.109600
141	0.332700
142	0.532400
143	1.088200
144	0.144800
145	0.528400
146	1.224700
147	1.224700
148	0.493200
149	1.056900
150	0.454100
151	0.195700
152	0.309200
153	0.528400
154	0.090000
155	0.321000
156	0.113500
157	0.121300
158	0.587200
159	0.532400
160	0.833800
161	1.182100
162	0.532400
163	0.328800
164	0.571500
165	0.986400
166	0.328800
167	1.224700
168	1.224700
169	0.391400
170	0.274000
171	0.317100
172	0.364000
173	0.254400
174	0.176100
175	1.224700
176	0.332700
177	0.411000
178	0.156600
179	0.180100
180	0.207500
181	0.551900
182	0.285700
183	1.021600
184	1.127300
185	0.321000
186	0.708500
187	0.289700
188	0.841600
