1	0.100900
2	0.050400
3	0.068100
4	0.063000
5	0.242100
6	0.181500
7	0.242100
8	0.058000
9	0.060500
10	0.244600
11	0.141200
12	0.128600
13	0.784200
14	1.271200
15	0.229500
16	0.060500
17	0.189100
18	0.070600
19	0.068100
20	0.179000
21	0.080700
22	0.105900
23	0.350500
24	0.325300
25	0.063000
26	1.271200
27	1.152300
28	0.237000
29	1.271200
30	1.271200
31	0.093300
32	0.037800
33	0.156300
34	0.045400
35	0.080700
36	0.252200
37	0.063000
38	0.340400
39	0.486700
40	0.590000
41	0.965700
42	0.080700
43	0.590000
44	0.161400
45	0.128600
46	0.506800
47	0.053000
48	0.070600
49	0.244600
50	0.375700
51	0.421100
52	0.849700
53	0.413500
54	0.933000
55	0.181500
56	0.153800
57	0.423600
58	0.509300
59	0.053000
60	0.095800
61	0.196700
62	0.133600
63	0.335400
64	0.136200
65	0.262200
66	0.375700
67	0.648000
68	0.486700
69	1.182600
70	1.271200
71	0.358100
72	0.216800
73	0.131100
74	0.161400
75	0.156300
76	0.194200
77	0.171500
78	0.171500
79	1.271200
80	1.271200
81	0.290000
82	1.205300
83	0.237000
84	1.124600
85	0.592600
86	0.701000
87	0.327800
88	0.191600
89	0.464000
90	1.271200
91	1.271200
92	1.212800
93	0.322800
94	0.000000
95	1.271200
96	0.000000
97	0.181500
98	0.232000
99	0.269800
100	0.085700
101	0.522000
102	1.271200
103	1.271200
104	0.209300
105	0.423600
106	1.271200
107	0.148800
108	0.857300
109	0.834600
110	1.271200
111	0.206800
112	0.590000
113	0.829600
114	0.189100
115	0.481600
116	1.271200
117	0.859800
118	1.271200
119	0.171500
120	0.330300
121	0.232000
122	0.194200
123	0.287500
124	0.083200
125	0.279900
126	0.458900
127	0.269800
128	0.436200
129	1.271200
130	0.133600
131	0.105900
132	1.006100
133	0.350500
134	0.174000
135	0.158900
136	0.249600
137	0.100900
138	0.330300
139	0.063000
140	0.073100
141	0.254700
142	0.582500
143	0.965700
144	0.143700
145	0.358100
146	0.822000
147	1.271200
148	0.446300
149	0.832100
150	0.277400
151	0.105900
152	0.264800
153	0.317700
154	0.070600
155	0.209300
156	0.108400
157	0.085700
158	0.400900
159	0.486700
160	0.811900
161	0.842200
162	0.337900
163	0.232000
164	0.481600
165	0.872400
166	0.219400
167	1.271200
168	1.149800
169	0.264800
170	0.229500
171	0.267300
172	0.216800
173	0.191600
174	0.133600
175	1.271200
176	0.214300
177	0.290000
178	0.113500
179	0.153800
180	0.143700
181	0.423600
182	0.174000
183	0.880000
184	0.940500
185	0.290000
186	0.625300
187	0.196700
188	0.637900
