1	0.061400
2	0.119900
3	0.053000
4	0.075300
5	0.251000
6	0.167400
7	0.292900
8	0.041800
9	0.092000
10	0.320800
11	0.223100
12	0.220300
13	0.834000
14	1.276400
15	0.287300
16	0.066900
17	0.186900
18	0.066900
19	0.055800
20	0.209200
21	0.064200
22	0.080900
23	0.418400
24	0.396100
25	0.106000
26	1.276400
27	1.143600
28	0.306800
29	1.276400
30	1.276400
31	0.100400
32	0.053000
33	0.234300
34	0.050200
35	0.092000
36	0.320800
37	0.075300
38	0.357000
39	0.582900
40	0.635900
41	1.057100
42	0.103200
43	0.608000
44	0.198000
45	0.172900
46	0.591300
47	0.089300
48	0.075300
49	0.292900
50	0.410000
51	0.435100
52	0.741900
53	0.329100
54	0.800500
55	0.167400
56	0.153400
57	0.404400
58	0.460200
59	0.078100
60	0.094800
61	0.228700
62	0.172900
63	0.407200
64	0.133900
65	0.278900
66	0.407200
67	0.700100
68	0.552300
69	0.853500
70	1.276400
71	0.371000
72	0.253800
73	0.186900
74	0.186900
75	0.159000
76	0.225900
77	0.186900
78	0.259400
79	1.276400
80	1.276400
81	0.220300
82	1.276400
83	0.195200
84	0.764200
85	0.273300
86	0.404400
87	0.343100
88	0.153400
89	0.267800
90	1.276400
91	1.276400
92	1.276400
93	0.368200
94	0.312400
95	0.259400
96	0.488100
97	0.000000
98	1.276400
99	0.000000
100	0.223100
101	0.259400
102	1.135200
103	0.884200
104	0.267800
105	0.549500
106	1.276400
107	0.237100
108	1.249500
109	1.149100
110	1.276400
111	0.214800
112	0.803300
113	0.633100
114	0.175700
115	0.482500
116	1.276400
117	1.076600
118	1.276400
119	0.220300
120	0.488100
121	0.200800
122	0.170100
123	0.239900
124	0.117100
125	0.265000
126	0.315200
127	0.253800
128	0.435100
129	1.276400
130	0.103200
131	0.122700
132	1.079400
133	0.404400
134	0.186900
135	0.153400
136	0.326300
137	0.078100
138	0.312400
139	0.117100
140	0.100400
141	0.292900
142	0.471400
143	0.853500
144	0.106000
145	0.354200
146	1.079400
147	1.276400
148	0.504800
149	0.979000
150	0.345900
151	0.161800
152	0.384900
153	0.457400
154	0.080900
155	0.206400
156	0.078100
157	0.122700
158	0.437900
159	0.563400
160	0.761400
161	1.110100
162	0.368200
163	0.251000
164	0.437900
165	0.772600
166	0.214800
167	1.276400
168	1.276400
169	0.412800
170	0.223100
171	0.304000
172	0.318000
173	0.212000
174	0.133900
175	1.276400
176	0.265000
177	0.253800
178	0.142200
179	0.192500
180	0.147800
181	0.474200
182	0.225900
183	0.786500
184	0.912100
185	0.259400
186	0.594100
187	0.192500
188	0.658200
