1	0.058300
2	0.093300
3	0.063000
4	0.079300
5	0.268200
6	0.142200
7	0.263500
8	0.039600
9	0.056000
10	0.284500
11	0.165600
12	0.184200
13	0.708900
14	1.204500
15	0.219200
16	0.056000
17	0.170200
18	0.058300
19	0.067600
20	0.216900
21	0.049000
22	0.086300
23	0.310200
24	0.347500
25	0.095600
26	1.204500
27	1.049400
28	0.275200
29	1.204500
30	1.204500
31	0.084000
32	0.028000
33	0.146900
34	0.037300
35	0.060600
36	0.249500
37	0.051300
38	0.291500
39	0.492000
40	0.538700
41	0.946800
42	0.072300
43	0.643600
44	0.149200
45	0.174900
46	0.508400
47	0.067600
48	0.067600
49	0.240200
50	0.359100
51	0.422100
52	0.606300
53	0.410400
54	0.734600
55	0.205200
56	0.097900
57	0.403400
58	0.447700
59	0.090900
60	0.084000
61	0.205200
62	0.158600
63	0.335800
64	0.107300
65	0.268200
66	0.335800
67	0.643600
68	0.471100
69	0.832500
70	1.204500
71	0.328800
72	0.174900
73	0.144600
74	0.142200
75	0.137600
76	0.179600
77	0.156200
78	0.149200
79	1.204500
80	1.204500
81	0.254200
82	1.204500
83	0.174900
84	0.690300
85	0.233200
86	0.240200
87	0.347500
88	0.111900
89	0.342800
90	1.204500
91	1.204500
92	1.204500
93	0.249500
94	0.317100
95	0.214500
96	1.138000
97	0.335800
98	0.000000
99	1.204500
100	0.000000
101	0.289200
102	0.963100
103	1.204500
104	0.205200
105	0.436100
106	1.204500
107	0.200500
108	1.135700
109	1.161300
110	1.204500
111	0.228500
112	0.797500
113	0.867500
114	0.235500
115	0.464100
116	1.204500
117	1.007400
118	1.107700
119	0.172600
120	0.349800
121	0.184200
122	0.200500
123	0.244900
124	0.079300
125	0.247200
126	0.419800
127	0.326500
128	0.335800
129	1.204500
130	0.111900
131	0.093300
132	0.946800
133	0.354500
134	0.153900
135	0.111900
136	0.272800
137	0.114300
138	0.328800
139	0.063000
140	0.084000
141	0.195900
142	0.412800
143	0.897800
144	0.079300
145	0.263500
146	0.783500
147	1.140300
148	0.529400
149	0.855800
150	0.296200
151	0.160900
152	0.347500
153	0.415100
154	0.065300
155	0.186600
156	0.065300
157	0.086300
158	0.391800
159	0.559700
160	0.615600
161	1.002700
162	0.319500
163	0.205200
164	0.412800
165	0.713600
166	0.256500
167	1.204500
168	1.149700
169	0.240200
170	0.235500
171	0.235500
172	0.240200
173	0.170200
174	0.121300
175	1.204500
176	0.205200
177	0.226200
178	0.149200
179	0.142200
180	0.128300
181	0.417400
182	0.184200
183	0.736900
184	0.764900
185	0.265800
186	0.513000
187	0.221500
188	0.531700
