1	0.124600
2	0.141500
3	0.060600
4	0.090900
5	0.333500
6	0.181900
7	0.340200
8	0.067400
9	0.087600
10	0.363800
11	0.192000
12	0.218900
13	1.003800
14	1.347800
15	0.259400
16	0.077500
17	0.232400
18	0.094300
19	0.090900
20	0.239200
21	0.060600
22	0.141500
23	0.404200
24	0.353700
25	0.114500
26	1.347800
27	1.347800
28	0.400800
29	1.347800
30	1.347800
31	0.101100
32	0.043800
33	0.229000
34	0.057300
35	0.138100
36	0.384000
37	0.077500
38	0.384000
39	0.613000
40	0.842100
41	1.300200
42	0.111200
43	0.885900
44	0.195400
45	0.212200
46	0.677000
47	0.084200
48	0.057300
49	0.343600
50	0.464800
51	0.515400
52	0.781500
53	0.451400
54	0.899300
55	0.202100
56	0.165000
57	0.404200
58	0.498500
59	0.104400
60	0.114500
61	0.286300
62	0.229000
63	0.501900
64	0.128000
65	0.353700
66	0.397500
67	0.778100
68	0.478300
69	1.280000
70	1.347800
71	0.387400
72	0.222300
73	0.215600
74	0.188600
75	0.235800
76	0.205500
77	0.205500
78	0.205500
79	1.347800
80	1.347800
81	0.208800
82	1.347800
83	0.242500
84	0.973400
85	0.384000
86	0.542300
87	0.282900
88	0.111200
89	0.259400
90	1.347800
91	1.347800
92	1.347800
93	0.400800
94	0.461500
95	0.357000
96	0.431100
97	0.471600
98	0.441300
99	0.623100
100	0.121300
101	0.666900
102	1.347800
103	1.347800
104	0.205500
105	0.565900
106	0.963300
107	0.552400
108	0.000000
109	1.347800
110	0.000000
111	0.454700
112	0.724200
113	0.602900
114	0.293000
115	0.629900
116	1.347800
117	1.347800
118	1.347800
119	0.208800
120	0.431100
121	0.256000
122	0.276200
123	0.316600
124	0.084200
125	0.333500
126	0.384000
127	0.276200
128	0.538900
129	1.347800
130	0.175200
131	0.168400
132	1.347800
133	0.522100
134	0.188600
135	0.154900
136	0.293000
137	0.097700
138	0.377300
139	0.124600
140	0.124600
141	0.336800
142	0.549000
143	1.347800
144	0.144800
145	0.471600
146	1.273200
147	1.347800
148	0.579400
149	1.067800
150	0.481700
151	0.239200
152	0.431100
153	0.656800
154	0.124600
155	0.232400
156	0.117900
157	0.117900
158	0.528800
159	0.653500
160	0.919600
161	1.347800
162	0.407600
163	0.323400
164	0.545700
165	1.077900
166	0.336800
167	1.347800
168	1.347800
169	0.357000
170	0.303200
171	0.384000
172	0.320000
173	0.269500
174	0.168400
175	1.347800
176	0.303200
177	0.370500
178	0.168400
179	0.181900
180	0.205500
181	0.579400
182	0.249300
183	1.050900
184	1.077900
185	0.346900
186	0.717500
187	0.272800
188	0.825200
