1	0.095800
2	0.107800
3	0.040700
4	0.050300
5	0.227600
6	0.153300
7	0.249200
8	0.033500
9	0.050300
10	0.256400
11	0.148600
12	0.167700
13	0.764300
14	1.309400
15	0.191700
16	0.069500
17	0.174900
18	0.067100
19	0.067100
20	0.174900
21	0.062300
22	0.100600
23	0.299500
24	0.301900
25	0.088700
26	1.309400
27	1.133300
28	0.256400
29	1.309400
30	1.309400
31	0.055100
32	0.026400
33	0.167700
34	0.047900
35	0.076700
36	0.244400
37	0.062300
38	0.287500
39	0.512800
40	0.615800
41	0.924900
42	0.074300
43	0.529500
44	0.162900
45	0.136600
46	0.486400
47	0.064700
48	0.043100
49	0.266000
50	0.378600
51	0.510400
52	0.939300
53	0.419300
54	0.944000
55	0.189300
56	0.153300
57	0.402500
58	0.570300
59	0.071900
60	0.088700
61	0.208500
62	0.170100
63	0.316300
64	0.134200
65	0.232400
66	0.337800
67	0.560700
68	0.364200
69	0.980000
70	1.309400
71	0.270800
72	0.131800
73	0.158100
74	0.119800
75	0.131800
76	0.148600
77	0.170100
78	0.143800
79	1.309400
80	1.309400
81	0.141400
82	1.309400
83	0.148600
84	1.063800
85	0.198900
86	0.273200
87	0.254000
88	0.071900
89	0.266000
90	1.309400
91	1.309400
92	1.309400
93	0.242000
94	0.244400
95	0.340200
96	0.292300
97	0.335400
98	0.234800
99	0.450500
100	0.117400
101	0.611000
102	1.309400
103	1.309400
104	0.225200
105	0.373800
106	1.080600
107	0.218000
108	0.694900
109	0.582200
110	1.309400
111	1.042300
112	0.000000
113	1.309400
114	0.000000
115	0.361800
116	1.309400
117	0.766700
118	0.915300
119	0.129400
120	0.333100
121	0.239600
122	0.203700
123	0.270800
124	0.088700
125	0.304300
126	0.728400
127	0.596600
128	0.369000
129	1.309400
130	0.119800
131	0.086300
132	0.934500
133	0.395300
134	0.203700
135	0.131800
136	0.390600
137	0.119800
138	0.428900
139	0.081500
140	0.079100
141	0.242000
142	0.536700
143	1.073400
144	0.112600
145	0.337800
146	0.771500
147	1.035100
148	0.850600
149	1.309400
150	0.572700
151	0.153300
152	0.479200
153	0.381000
154	0.081500
155	0.203700
156	0.093400
157	0.110200
158	0.512800
159	0.558300
160	0.709200
161	1.068600
162	0.412100
163	0.270800
164	0.531900
165	0.898500
166	0.263600
167	1.309400
168	1.114200
169	0.249200
170	0.155700
171	0.249200
172	0.254000
173	0.196500
174	0.110200
175	1.309400
176	0.201300
177	0.218000
178	0.112600
179	0.160500
180	0.148600
181	0.419300
182	0.179700
183	0.917700
184	0.934500
185	0.304300
186	0.618200
187	0.177300
188	0.646900
