1	0.102000
2	0.116100
3	0.062300
4	0.065100
5	0.277500
6	0.155800
7	0.311500
8	0.039600
9	0.070800
10	0.308700
11	0.155800
12	0.172800
13	0.977000
14	1.184100
15	0.212400
16	0.065100
17	0.192600
18	0.073600
19	0.070800
20	0.192600
21	0.059500
22	0.124600
23	0.373800
24	0.297400
25	0.104800
26	1.184100
27	1.115800
28	0.342700
29	1.184100
30	1.184100
31	0.062300
32	0.036800
33	0.178400
34	0.051000
35	0.082100
36	0.274700
37	0.056600
38	0.334200
39	0.515400
40	0.620200
41	0.883600
42	0.082100
43	0.623000
44	0.167100
45	0.147300
46	0.552200
47	0.076500
48	0.056600
49	0.311500
50	0.373800
51	0.455900
52	1.033700
53	0.427600
54	1.161100
55	0.175600
56	0.155800
57	0.388000
58	0.504100
59	0.068000
60	0.082100
61	0.226600
62	0.195400
63	0.379500
64	0.102000
65	0.243500
66	0.291700
67	0.470100
68	0.288900
69	0.991200
70	1.184100
71	0.252000
72	0.161400
73	0.167100
74	0.127400
75	0.164300
76	0.175600
77	0.152900
78	0.167100
79	1.184100
80	1.184100
81	0.181200
82	1.118600
83	0.201100
84	0.937400
85	0.184100
86	0.252000
87	0.215200
88	0.082100
89	0.175600
90	1.184100
91	1.184100
92	1.184100
93	0.339800
94	0.232200
95	0.257700
96	0.240700
97	0.339800
98	0.198200
99	0.314300
100	0.110400
101	0.464400
102	1.184100
103	1.184100
104	0.269000
105	0.424800
106	1.184100
107	0.178400
108	0.804300
109	0.736300
110	1.184100
111	0.172800
112	0.362500
113	0.679700
114	0.804300
115	0.000000
116	1.184100
117	0.000000
118	0.764600
119	0.189700
120	0.305900
121	0.181200
122	0.169900
123	0.198200
124	0.087800
125	0.280400
126	0.603200
127	0.458800
128	0.441800
129	1.184100
130	0.124600
131	0.116100
132	0.974200
133	0.444600
134	0.201100
135	0.144400
136	0.297400
137	0.102000
138	0.351200
139	0.085000
140	0.076500
141	0.246400
142	0.504100
143	0.934600
144	0.130300
145	0.506900
146	1.184100
147	1.127100
148	0.555100
149	1.036500
150	0.373800
151	0.150100
152	0.311500
153	0.427600
154	0.079300
155	0.226600
156	0.085000
157	0.090600
158	0.478600
159	0.506900
160	0.696700
161	1.039300
162	0.441800
163	0.266200
164	0.538100
165	0.801400
166	0.269000
167	1.184100
168	1.107300
169	0.308700
170	0.189700
171	0.257700
172	0.300200
173	0.212400
174	0.135900
175	1.184100
176	0.235100
177	0.317200
178	0.118900
179	0.144400
180	0.169900
181	0.424800
182	0.226600
183	0.900600
184	1.053500
185	0.266200
186	0.628700
187	0.209600
188	0.693800
