1	0.103200
2	0.137600
3	0.060900
4	0.076700
5	0.312200
6	0.193200
7	0.224900
8	0.076700
9	0.076700
10	0.285800
11	0.190500
12	0.190500
13	0.764700
14	1.229700
15	0.201100
16	0.050300
17	0.219600
18	0.071400
19	0.058200
20	0.193200
21	0.050300
22	0.156100
23	0.338700
24	0.381000
25	0.113800
26	1.229700
27	1.076900
28	0.322800
29	1.229700
30	1.229700
31	0.097900
32	0.058200
33	0.182600
34	0.050300
35	0.103200
36	0.272500
37	0.068800
38	0.293700
39	0.463000
40	0.531800
41	0.870500
42	0.105800
43	0.468300
44	0.198400
45	0.164000
46	0.529200
47	0.087300
48	0.087300
49	0.357200
50	0.426000
51	0.449800
52	0.894300
53	0.441900
54	1.071600
55	0.224900
56	0.150800
57	0.481600
58	0.505400
59	0.095300
60	0.132300
61	0.306900
62	0.227500
63	0.354600
64	0.113800
65	0.314900
66	0.354600
67	0.523900
68	0.428600
69	0.955200
70	0.807000
71	0.288400
72	0.174600
73	0.217000
74	0.174600
75	0.235500
76	0.254000
77	0.206400
78	0.227500
79	1.229700
80	1.229700
81	0.137600
82	1.229700
83	0.246100
84	0.746100
85	0.227500
86	0.259300
87	0.198400
88	0.103200
89	0.285800
90	1.229700
91	1.229700
92	1.045100
93	0.320200
94	0.354600
95	0.232800
96	0.357200
97	0.373100
98	0.182600
99	0.301600
100	0.087300
101	0.388900
102	1.229700
103	1.229700
104	0.227500
105	0.423300
106	1.061000
107	0.174600
108	1.002800
109	0.772600
110	1.229700
111	0.251400
112	0.828200
113	0.590000
114	0.158800
115	0.563600
116	1.229700
117	0.934000
118	1.229700
119	0.399500
120	0.608600
121	0.000000
122	1.229700
123	0.000000
124	0.111100
125	0.357200
126	0.722300
127	0.505400
128	0.725000
129	1.229700
130	0.148200
131	0.137600
132	1.229700
133	0.460400
134	0.261900
135	0.182600
136	0.312200
137	0.097900
138	0.399500
139	0.121700
140	0.129600
141	0.415400
142	0.608600
143	1.116600
144	0.113800
145	0.402200
146	1.129800
147	1.166800
148	0.513300
149	1.061000
150	0.269900
151	0.105800
152	0.433900
153	0.471000
154	0.058200
155	0.217000
156	0.097900
157	0.137600
158	0.460400
159	0.592700
160	0.801700
161	0.915500
162	0.436600
163	0.267200
164	0.537100
165	0.907500
166	0.328100
167	1.229700
168	0.915500
169	0.293700
170	0.211700
171	0.304300
172	0.269900
173	0.217000
174	0.121700
175	1.229700
176	0.198400
177	0.312200
178	0.145500
179	0.201100
180	0.166700
181	0.505400
182	0.227500
183	0.875800
184	0.859900
185	0.293700
186	0.502700
187	0.206400
188	0.537100
