1	0.074500
2	0.125900
3	0.059100
4	0.059100
5	0.256900
6	0.164400
7	0.274900
8	0.043700
9	0.066800
10	0.308300
11	0.133600
12	0.146400
13	0.835000
14	1.292600
15	0.254300
16	0.059100
17	0.174700
18	0.084800
19	0.123300
20	0.223500
21	0.056500
22	0.133600
23	0.382800
24	0.323700
25	0.123300
26	1.292600
27	1.102200
28	0.298000
29	1.292600
30	1.292600
31	0.082200
32	0.030800
33	0.174700
34	0.048800
35	0.077100
36	0.282600
37	0.059100
38	0.305700
39	0.398200
40	0.688500
41	0.783600
42	0.105300
43	0.462400
44	0.151600
45	0.149000
46	0.431600
47	0.071900
48	0.048800
49	0.308300
50	0.380200
51	0.485600
52	0.801600
53	0.498400
54	0.829800
55	0.213200
56	0.115600
57	0.429000
58	0.524100
59	0.092500
60	0.123300
61	0.331400
62	0.182400
63	0.341700
64	0.113000
65	0.308300
66	0.372500
67	0.547200
68	0.477900
69	0.942900
70	0.883800
71	0.174700
72	0.182400
73	0.187500
74	0.167000
75	0.159300
76	0.179800
77	0.190100
78	0.190100
79	1.292600
80	1.292600
81	0.197800
82	1.266600
83	0.197800
84	0.703900
85	0.274900
86	0.349400
87	0.262100
88	0.105300
89	0.280000
90	1.292600
91	1.292600
92	1.091900
93	0.246600
94	0.362200
95	0.336600
96	0.264600
97	0.339100
98	0.254300
99	0.362200
100	0.115600
101	0.411100
102	1.292600
103	1.292600
104	0.254300
105	0.398200
106	0.886400
107	0.182400
108	0.960900
109	0.870900
110	1.292600
111	0.254300
112	0.950600
113	0.770700
114	0.238900
115	0.611500
116	1.292600
117	0.870900
118	1.292600
119	0.316000
120	0.423900
121	0.503600
122	0.000000
123	1.292600
124	0.000000
125	0.336600
126	0.462400
127	0.208100
128	0.611500
129	1.292600
130	0.167000
131	0.118200
132	1.292600
133	0.470200
134	0.182400
135	0.125900
136	0.539500
137	0.205500
138	0.578100
139	0.138700
140	0.100200
141	0.390500
142	0.524100
143	1.027700
144	0.141300
145	0.370000
146	1.066200
147	1.176700
148	0.593500
149	1.081600
150	0.321100
151	0.156700
152	0.444500
153	0.431600
154	0.097600
155	0.213200
156	0.097600
157	0.066800
158	0.449600
159	0.680800
160	0.775900
161	0.786200
162	0.413600
163	0.280000
164	0.572900
165	0.860700
166	0.246600
167	1.292600
168	1.081600
169	0.308300
170	0.280000
171	0.305700
172	0.231200
173	0.223500
174	0.131000
175	1.292600
176	0.262100
177	0.305700
178	0.118200
179	0.125900
180	0.174700
181	0.465000
182	0.249200
183	0.827300
184	0.878600
185	0.346800
186	0.593500
187	0.197800
188	0.634600
