1	0.066900
2	0.108700
3	0.069000
4	0.041800
5	0.267500
6	0.127500
7	0.229900
8	0.054300
9	0.056400
10	0.223600
11	0.123300
12	0.142100
13	0.673000
14	1.178800
15	0.163000
16	0.048100
17	0.144200
18	0.058500
19	0.054300
20	0.146300
21	0.035500
22	0.077300
23	0.248700
24	0.248700
25	0.066900
26	1.260300
27	0.921700
28	0.263400
29	1.260300
30	1.260300
31	0.075200
32	0.016700
33	0.133800
34	0.027200
35	0.083600
36	0.248700
37	0.058500
38	0.221600
39	0.344900
40	0.528800
41	0.802600
42	0.075200
43	0.466100
44	0.115000
45	0.131700
46	0.382500
47	0.077300
48	0.054300
49	0.252900
50	0.407600
51	0.491200
52	1.208100
53	0.514200
54	1.195500
55	0.175600
56	0.209000
57	0.491200
58	0.645800
59	0.071100
60	0.064800
61	0.200700
62	0.144200
63	0.244500
64	0.087800
65	0.238300
66	0.265400
67	0.470300
68	0.278000
69	0.925900
70	0.739900
71	0.173500
72	0.119100
73	0.127500
74	0.110800
75	0.131700
76	0.146300
77	0.104500
78	0.129600
79	1.153700
80	1.260300
81	0.142100
82	0.746200
83	0.148400
84	0.633300
85	0.144200
86	0.173500
87	0.154700
88	0.066900
89	0.175600
90	1.260300
91	1.260300
92	1.260300
93	0.211100
94	0.173500
95	0.211100
96	0.209000
97	0.290500
98	0.177700
99	0.319800
100	0.094100
101	0.461900
102	1.260300
103	1.260300
104	0.196500
105	0.273800
106	1.260300
107	0.146300
108	0.597800
109	0.505800
110	1.260300
111	0.181800
112	0.574800
113	1.128700
114	0.227800
115	0.420100
116	1.260300
117	0.811000
118	0.831900
119	0.265400
120	0.363700
121	0.173500
122	0.330200
123	0.137900
124	0.104500
125	0.622900
126	0.000000
127	1.260300
128	0.000000
129	1.260300
130	0.058500
131	0.075200
132	0.455600
133	0.332300
134	0.190200
135	0.108700
136	0.290500
137	0.089900
138	0.273800
139	0.050200
140	0.089900
141	0.229900
142	0.796300
143	1.260300
144	0.104500
145	0.234100
146	0.645800
147	0.595700
148	0.263400
149	0.627000
150	0.221600
151	0.110800
152	0.221600
153	0.255000
154	0.056400
155	0.204800
156	0.106600
157	0.104500
158	0.466100
159	0.514200
160	0.808900
161	0.988600
162	0.386700
163	0.273800
164	0.762900
165	0.988600
166	0.188100
167	1.210200
168	1.024200
169	0.198600
170	0.148400
171	0.194400
172	0.177700
173	0.135900
174	0.092000
175	1.260300
176	0.202700
177	0.223600
178	0.102400
179	0.098200
180	0.131700
181	0.401300
182	0.173500
183	0.913400
184	1.111900
185	0.324000
186	0.754500
187	0.177700
188	0.708500
