1	0.118300
2	0.128700
3	0.069600
4	0.087000
5	0.347900
6	0.184400
7	0.372200
8	0.069600
9	0.083500
10	0.379200
11	0.187800
12	0.212200
13	1.154900
14	1.194900
15	0.236500
16	0.100900
17	0.236500
18	0.090400
19	0.083500
20	0.247000
21	0.080000
22	0.146100
23	0.441800
24	0.365300
25	0.135700
26	1.194900
27	1.194900
28	0.434800
29	1.194900
30	1.194900
31	0.087000
32	0.045200
33	0.229600
34	0.062600
35	0.118300
36	0.340900
37	0.100900
38	0.389600
39	0.560100
40	0.747900
41	0.942700
42	0.118300
43	0.692200
44	0.201800
45	0.167000
46	0.643500
47	0.080000
48	0.073100
49	0.340900
50	0.407000
51	0.483500
52	0.897500
53	0.420900
54	0.960100
55	0.177400
56	0.156500
57	0.372200
58	0.448700
59	0.080000
60	0.111300
61	0.295700
62	0.233100
63	0.490500
64	0.128700
65	0.410500
66	0.340900
67	0.546100
68	0.347900
69	1.113200
70	1.061000
71	0.323500
72	0.187800
73	0.201800
74	0.163500
75	0.222600
76	0.201800
77	0.170500
78	0.212200
79	1.194900
80	1.194900
81	0.212200
82	1.194900
83	0.229600
84	0.817500
85	0.257400
86	0.354800
87	0.240000
88	0.097400
89	0.180900
90	1.194900
91	1.194900
92	1.194900
93	0.396600
94	0.295700
95	0.250500
96	0.306100
97	0.403500
98	0.243500
99	0.281800
100	0.100900
101	0.427900
102	1.194900
103	1.194900
104	0.274800
105	0.490500
106	1.106200
107	0.208700
108	1.012300
109	0.723600
110	1.194900
111	0.222600
112	0.647000
113	0.570500
114	0.212200
115	0.542700
116	1.194900
117	1.074900
118	1.194900
119	0.354800
120	0.452200
121	0.281800
122	0.271300
123	0.226100
124	0.100900
125	0.400000
126	0.139100
127	0.333900
128	0.000000
129	1.194900
130	0.000000
131	0.041700
132	1.194900
133	0.424400
134	0.167000
135	0.170500
136	0.236500
137	0.121800
138	0.299200
139	0.121800
140	0.114800
141	0.330500
142	0.494000
143	1.005300
144	0.132200
145	0.466100
146	1.194900
147	1.194900
148	0.382600
149	0.887000
150	0.358300
151	0.177400
152	0.240000
153	0.469600
154	0.087000
155	0.278300
156	0.080000
157	0.104400
158	0.553100
159	0.497400
160	0.768800
161	1.061000
162	0.452200
163	0.330500
164	0.560100
165	0.834900
166	0.285200
167	1.194900
168	1.161900
169	0.351300
170	0.243500
171	0.313100
172	0.337400
173	0.243500
174	0.173900
175	1.194900
176	0.299200
177	0.407000
178	0.153100
179	0.177400
180	0.180900
181	0.494000
182	0.250500
183	0.901000
184	1.008800
185	0.281800
186	0.626200
187	0.264400
188	0.730500
