1	0.069700
2	0.142400
3	0.084800
4	0.081800
5	0.336200
6	0.181800
7	0.290800
8	0.090900
9	0.048500
10	0.287800
11	0.166600
12	0.187800
13	0.854200
14	1.255200
15	0.190800
16	0.090900
17	0.181800
18	0.112100
19	0.081800
20	0.224200
21	0.045400
22	0.163600
23	0.412000
24	0.287800
25	0.118100
26	1.255200
27	1.117800
28	0.408900
29	1.255200
30	1.255200
31	0.084800
32	0.048500
33	0.224200
34	0.084800
35	0.093900
36	0.351400
37	0.081800
38	0.284700
39	0.515000
40	0.663400
41	0.857300
42	0.096900
43	0.596800
44	0.187800
45	0.166600
46	0.502900
47	0.063600
48	0.066600
49	0.493800
50	0.451400
51	0.448300
52	1.039000
53	0.436200
54	0.857300
55	0.148400
56	0.160500
57	0.333200
58	0.460400
59	0.078800
60	0.103000
61	0.236300
62	0.187800
63	0.396800
64	0.109100
65	0.378700
66	0.281700
67	0.599800
68	0.312000
69	0.978400
70	0.999600
71	0.333200
72	0.178700
73	0.193900
74	0.181800
75	0.193900
76	0.199900
77	0.169600
78	0.209000
79	1.255200
80	1.255200
81	0.148400
82	1.255200
83	0.251400
84	0.702800
85	0.287800
86	0.306000
87	0.224200
88	0.069700
89	0.206000
90	1.255200
91	1.255200
92	1.196500
93	0.375600
94	0.318100
95	0.269600
96	0.312000
97	0.457400
98	0.281700
99	0.260500
100	0.124200
101	0.372600
102	1.255200
103	1.045100
104	0.309000
105	0.408900
106	1.255200
107	0.212000
108	0.833000
109	0.845200
110	1.255200
111	0.169600
112	0.648300
113	0.627000
114	0.196900
115	0.436200
116	1.255200
117	0.999600
118	1.255200
119	0.193900
120	0.521000
121	0.318100
122	0.369600
123	0.354400
124	0.121200
125	0.318100
126	0.454400
127	0.315000
128	0.454400
129	1.255200
130	0.227200
131	0.139300
132	1.081400
133	0.475600
134	0.148400
135	0.145400
136	0.290800
137	0.209000
138	0.481600
139	0.051500
140	0.000000
141	1.255200
142	0.000000
143	0.951200
144	0.266600
145	0.475600
146	1.255200
147	1.255200
148	0.418000
149	1.139000
150	0.360500
151	0.145400
152	0.348400
153	0.375600
154	0.096900
155	0.248400
156	0.106000
157	0.121200
158	0.466500
159	0.475600
160	0.833000
161	0.972400
162	0.421100
163	0.302900
164	0.596800
165	0.872400
166	0.318100
167	1.255200
168	1.036000
169	0.354400
170	0.251400
171	0.324100
172	0.293800
173	0.181800
174	0.175700
175	1.255200
176	0.233300
177	0.345300
178	0.139300
179	0.163600
180	0.169600
181	0.515000
182	0.154500
183	0.839100
184	1.002700
185	0.315000
186	0.736100
187	0.199900
188	0.805800
