1	0.079900
2	0.079900
3	0.063400
4	0.061100
5	0.263100
6	0.108100
7	0.258400
8	0.049300
9	0.075200
10	0.244300
11	0.148000
12	0.157400
13	0.693100
14	1.252500
15	0.150400
16	0.056400
17	0.206700
18	0.063400
19	0.070500
20	0.171500
21	0.049300
22	0.124500
23	0.328900
24	0.321900
25	0.110400
26	1.252500
27	0.956200
28	0.277200
29	1.252500
30	1.252500
31	0.075200
32	0.021100
33	0.197300
34	0.056400
35	0.056400
36	0.176200
37	0.077500
38	0.291300
39	0.380600
40	0.540400
41	0.789400
42	0.070500
43	0.439300
44	0.136300
45	0.138600
46	0.528600
47	0.042300
48	0.063400
49	0.281900
50	0.359500
51	0.387600
52	0.711900
53	0.361800
54	0.801100
55	0.180900
56	0.141000
57	0.380600
58	0.484000
59	0.063400
60	0.105700
61	0.183300
62	0.157400
63	0.319500
64	0.117500
65	0.267800
66	0.258400
67	0.505100
68	0.357100
69	0.845800
70	1.252500
71	0.258400
72	0.148000
73	0.124500
74	0.122200
75	0.178600
76	0.178600
77	0.162100
78	0.145700
79	1.252500
80	1.252500
81	0.176200
82	1.252500
83	0.166800
84	0.829300
85	0.258400
86	0.347700
87	0.209100
88	0.077500
89	0.272500
90	1.252500
91	1.252500
92	1.170000
93	0.317200
94	0.258400
95	0.230200
96	0.244300
97	0.305400
98	0.303100
99	0.380600
100	0.105700
101	0.453400
102	1.252500
103	1.252500
104	0.213800
105	0.286600
106	0.993800
107	0.155100
108	0.916300
109	0.885700
110	1.252500
111	0.328900
112	0.965600
113	1.017300
114	0.242000
115	0.533300
116	1.252500
117	0.911600
118	1.181700
119	0.185600
120	0.352400
121	0.202000
122	0.317200
123	0.331300
124	0.089300
125	0.258400
126	0.336000
127	0.246700
128	0.350100
129	1.252500
130	0.138600
131	0.124500
132	1.151200
133	0.366500
134	0.258400
135	0.108100
136	0.451100
137	0.119800
138	0.526300
139	0.070500
140	0.086900
141	0.286600
142	0.498100
143	0.942100
144	0.119800
145	0.305400
146	0.594400
147	0.958500
148	0.921000
149	1.137100
150	0.871600
151	0.000000
152	1.252500
153	0.000000
154	0.094000
155	0.260800
156	0.162100
157	0.183300
158	0.375900
159	0.798800
160	0.805800
161	1.167600
162	0.303100
163	0.192600
164	0.408800
165	0.852800
166	0.319500
167	1.252500
168	1.252500
169	0.286600
170	0.267800
171	0.375900
172	0.253700
173	0.227900
174	0.148000
175	1.252500
176	0.260800
177	0.319500
178	0.148000
179	0.183300
180	0.213800
181	0.451100
182	0.195000
183	0.761200
184	0.756500
185	0.286600
186	0.568500
187	0.155100
188	0.589700
