1	0.109200
2	0.081900
3	0.046400
4	0.073700
5	0.313900
6	0.267500
7	0.469500
8	0.046400
9	0.054600
10	0.330300
11	0.155600
12	0.166500
13	0.783400
14	1.240600
15	0.256600
16	0.109200
17	0.166500
18	0.065500
19	0.081900
20	0.139200
21	0.054600
22	0.081900
23	0.395800
24	0.341200
25	0.109200
26	1.240600
27	1.050900
28	0.275700
29	1.240600
30	1.240600
31	0.120100
32	0.035500
33	0.202000
34	0.046400
35	0.139200
36	0.294800
37	0.109200
38	0.267500
39	0.423100
40	0.570500
41	0.783400
42	0.081900
43	0.515900
44	0.248400
45	0.155600
46	0.535000
47	0.109200
48	0.027300
49	0.303000
50	0.423100
51	0.562300
52	0.581400
53	0.341200
54	0.892600
55	0.139200
56	0.139200
57	0.341200
58	0.469500
59	0.073700
60	0.065500
61	0.212900
62	0.229300
63	0.368500
64	0.092800
65	0.330300
66	0.294800
67	0.395800
68	0.442200
69	0.876200
70	0.993600
71	0.294800
72	0.147400
73	0.155600
74	0.221100
75	0.174700
76	0.267500
77	0.174700
78	0.174700
79	1.240600
80	1.240600
81	0.174700
82	1.132800
83	0.229300
84	0.783400
85	0.193800
86	0.313900
87	0.240200
88	0.073700
89	0.174700
90	1.168300
91	1.240600
92	1.240600
93	0.360300
94	0.376700
95	0.313900
96	0.202000
97	0.368500
98	0.202000
99	0.240200
100	0.101000
101	0.423100
102	1.240600
103	1.012700
104	0.229300
105	0.395800
106	0.818900
107	0.147400
108	0.966300
109	0.791600
110	1.240600
111	0.193800
112	0.655100
113	0.663300
114	0.221100
115	0.368500
116	1.240600
117	0.892600
118	1.240600
119	0.128300
120	0.387600
121	0.275700
122	0.240200
123	0.240200
124	0.092800
125	0.267500
126	0.543200
127	0.395800
128	0.286600
129	1.240600
130	0.202000
131	0.101000
132	1.004500
133	0.461300
134	0.174700
135	0.128300
136	0.286600
137	0.092800
138	0.275700
139	0.101000
140	0.120100
141	0.286600
142	0.423100
143	0.939000
144	0.166500
145	0.341200
146	1.105500
147	1.240600
148	0.570500
149	0.911700
150	0.387600
151	0.248400
152	0.535000
153	0.414900
154	0.092800
155	0.000000
156	1.240600
157	0.000000
158	1.240600
159	1.240600
160	0.966300
161	1.004500
162	0.543200
163	0.330300
164	0.764300
165	1.240600
166	0.488600
167	1.240600
168	1.225600
169	0.330300
170	0.248400
171	0.360300
172	0.267500
173	0.286600
174	0.155600
175	1.240600
176	0.341200
177	0.360300
178	0.221100
179	0.303000
180	0.221100
181	0.535000
182	0.193800
183	0.791600
184	0.857100
185	0.248400
186	0.570500
187	0.229300
188	0.709700
