1	0.068300
2	0.124400
3	0.092700
4	0.068300
5	0.278100
6	0.192700
7	0.192700
8	0.046400
9	0.085400
10	0.307400
11	0.161000
12	0.192700
13	0.824600
14	1.188100
15	0.239100
16	0.039000
17	0.192700
18	0.092700
19	0.061000
20	0.207400
21	0.031700
22	0.085400
23	0.363500
24	0.224500
25	0.146400
26	1.204000
27	0.871000
28	0.285400
29	1.204000
30	1.204000
31	0.092700
32	0.007300
33	0.161000
34	0.046400
35	0.046400
36	0.231800
37	0.039000
38	0.270800
39	0.456200
40	0.578200
41	0.702600
42	0.100000
43	0.478200
44	0.170800
45	0.139100
46	0.463500
47	0.046400
48	0.068300
49	0.285400
50	0.307400
51	0.292800
52	0.702600
53	0.353800
54	0.910000
55	0.131700
56	0.107300
57	0.261000
58	0.478200
59	0.046400
60	0.078100
61	0.231800
62	0.185400
63	0.370800
64	0.092700
65	0.253700
66	0.292800
67	0.409900
68	0.346400
69	0.695300
70	1.071000
71	0.170800
72	0.146400
73	0.092700
74	0.170800
75	0.161000
76	0.246400
77	0.231800
78	0.153700
79	1.204000
80	1.204000
81	0.124400
82	1.195400
83	0.161000
84	0.578200
85	0.200100
86	0.292800
87	0.246400
88	0.061000
89	0.185400
90	1.204000
91	1.204000
92	0.878300
93	0.370800
94	0.253700
95	0.207400
96	0.207400
97	0.300100
98	0.270800
99	0.261000
100	0.078100
101	0.409900
102	1.095400
103	1.204000
104	0.278100
105	0.363500
106	0.910000
107	0.170800
108	0.849000
109	0.670900
110	1.204000
111	0.217100
112	0.741700
113	0.649000
114	0.207400
115	0.509900
116	1.204000
117	0.731900
118	1.095400
119	0.217100
120	0.363500
121	0.207400
122	0.278100
123	0.139100
124	0.092700
125	0.185400
126	0.353800
127	0.324500
128	0.424500
129	1.204000
130	0.131700
131	0.114700
132	0.856300
133	0.439100
134	0.146400
135	0.139100
136	0.224500
137	0.100000
138	0.400100
139	0.124400
140	0.100000
141	0.278100
142	0.770900
143	0.924600
144	0.131700
145	0.261000
146	0.934400
147	0.831900
148	0.509900
149	1.088100
150	0.385500
151	0.239100
152	0.509900
153	0.370800
154	0.131700
155	0.161000
156	0.000000
157	1.204000
158	0.000000
159	0.478200
160	1.141800
161	1.204000
162	0.392800
163	0.470900
164	0.778300
165	1.202800
166	0.261000
167	1.204000
168	0.956400
169	0.253700
170	0.246400
171	0.385500
172	0.192700
173	0.231800
174	0.192700
175	1.204000
176	0.217100
177	0.324500
178	0.170800
179	0.261000
180	0.185400
181	0.470900
182	0.217100
183	0.749000
184	0.817300
185	0.261000
186	0.463500
187	0.185400
188	0.670900
