1	0.152900
2	0.169000
3	0.080500
4	0.096500
5	0.390200
6	0.213200
7	0.426400
8	0.076400
9	0.096500
10	0.438500
11	0.213200
12	0.261500
13	1.241500
14	1.241500
15	0.289600
16	0.100600
17	0.237300
18	0.108600
19	0.108600
20	0.289600
21	0.084500
22	0.156900
23	0.527000
24	0.414300
25	0.173000
26	1.241500
27	1.241500
28	0.498800
29	1.241500
30	1.241500
31	0.100600
32	0.052300
33	0.241400
34	0.080500
35	0.112600
36	0.390200
37	0.088500
38	0.470700
39	0.607400
40	0.864900
41	1.037900
42	0.116700
43	0.724100
44	0.229300
45	0.237300
46	0.744200
47	0.088500
48	0.084500
49	0.366100
50	0.494800
51	0.547100
52	1.049900
53	0.470700
54	1.045900
55	0.189100
56	0.173000
57	0.398200
58	0.502800
59	0.088500
60	0.124700
61	0.350000
62	0.253400
63	0.611500
64	0.152900
65	0.482700
66	0.398200
67	0.623500
68	0.414300
69	1.241500
70	1.241500
71	0.350000
72	0.221200
73	0.229300
74	0.201100
75	0.225300
76	0.261500
77	0.225300
78	0.237300
79	1.241500
80	1.241500
81	0.233300
82	1.241500
83	0.277600
84	0.985600
85	0.277600
86	0.362000
87	0.317800
88	0.108600
89	0.209200
90	1.241500
91	1.241500
92	1.241500
93	0.494800
94	0.309700
95	0.273500
96	0.354000
97	0.486700
98	0.265500
99	0.313800
100	0.116700
101	0.422400
102	1.241500
103	1.241500
104	0.358000
105	0.575200
106	1.226900
107	0.213200
108	1.054000
109	0.877000
110	1.241500
111	0.229300
112	0.748200
113	0.587300
114	0.237300
115	0.575200
116	1.241500
117	1.178700
118	1.241500
119	0.241400
120	0.551100
121	0.245400
122	0.237300
123	0.253400
124	0.128700
125	0.366100
126	0.410300
127	0.281600
128	0.599400
129	1.241500
130	0.173000
131	0.197100
132	1.241500
133	0.567200
134	0.229300
135	0.193100
136	0.265500
137	0.140800
138	0.309700
139	0.136800
140	0.120700
141	0.321800
142	0.494800
143	1.106200
144	0.160900
145	0.478700
146	1.241500
147	1.090200
148	0.374100
149	0.945300
150	0.378100
151	0.237300
152	0.285600
153	0.547100
154	0.100600
155	0.362000
156	0.096500
157	0.108600
158	0.623500
159	0.567200
160	0.683900
161	0.945300
162	0.490800
163	0.877000
164	0.229300
165	0.631600
166	0.000000
167	1.241500
168	0.000000
169	0.329900
170	0.229300
171	0.229300
172	0.321800
173	0.249400
174	0.173000
175	1.241500
176	0.346000
177	0.458600
178	0.152900
179	0.185000
180	0.197100
181	0.527000
182	0.261500
183	0.929200
184	0.977500
185	0.273500
186	0.627500
187	0.301700
188	0.808600
