1	0.162200
2	0.111900
3	0.061500
4	0.069900
5	0.268500
6	0.156600
7	0.237700
8	0.100700
9	0.075500
10	0.338400
11	0.288000
12	0.212500
13	0.861300
14	1.136400
15	0.232100
16	0.081100
17	0.162200
18	0.081100
19	0.061500
20	0.162200
21	0.055900
22	0.142600
23	0.425100
24	0.405500
25	0.137000
26	1.136400
27	1.136400
28	0.313200
29	1.136400
30	1.136400
31	0.106300
32	0.061500
33	0.181800
34	0.055900
35	0.086700
36	0.243300
37	0.069900
38	0.313200
39	0.492200
40	0.629200
41	0.755100
42	0.117500
43	0.548100
44	0.162200
45	0.167800
46	0.506200
47	0.100700
48	0.061500
49	0.268500
50	0.299200
51	0.517400
52	0.774600
53	0.355200
54	0.780200
55	0.092300
56	0.125800
57	0.257300
58	0.411100
59	0.061500
60	0.117500
61	0.268500
62	0.156600
63	0.492200
64	0.117500
65	0.324400
66	0.262900
67	0.467000
68	0.394300
69	0.931200
70	1.062700
71	0.181800
72	0.142600
73	0.167800
74	0.167800
75	0.212500
76	0.218100
77	0.176200
78	0.206900
79	1.136400
80	1.136400
81	0.193000
82	0.917300
83	0.288000
84	0.573300
85	0.248900
86	0.248900
87	0.212500
88	0.061500
89	0.181800
90	1.012300
91	1.136400
92	1.099000
93	0.324400
94	0.288000
95	0.223700
96	0.313200
97	0.360800
98	0.248900
99	0.369100
100	0.131400
101	0.344000
102	1.136400
103	0.987200
104	0.223700
105	0.430700
106	0.805400
107	0.198600
108	0.931200
109	0.774600
110	1.136400
111	0.137000
112	0.531300
113	0.531300
114	0.117500
115	0.455800
116	1.136400
117	0.780200
118	1.136400
119	0.187400
120	0.436300
121	0.257300
122	0.237700
123	0.198600
124	0.125800
125	0.293600
126	0.243300
127	0.257300
128	0.531300
129	1.136400
130	0.198600
131	0.151000
132	1.043100
133	0.425100
134	0.167800
135	0.167800
136	0.274100
137	0.075500
138	0.293600
139	0.100700
140	0.075500
141	0.257300
142	0.506200
143	0.836200
144	0.131400
145	0.411100
146	1.136400
147	1.037500
148	0.299200
149	0.774600
150	0.268500
151	0.162200
152	0.330000
153	0.436300
154	0.125800
155	0.299200
156	0.151000
157	0.137000
158	0.461400
159	0.623600
160	0.841800
161	1.048700
162	0.430700
163	0.360800
164	0.500600
165	0.724300
166	0.369100
167	1.136400
168	1.135400
169	0.268500
170	0.349600
171	0.481000
172	0.338400
173	0.257300
174	0.405500
175	1.136400
176	0.330000
177	0.000000
178	1.136400
179	0.000000
180	0.232100
181	1.073900
182	0.344000
183	0.987200
184	1.136400
185	0.461400
186	1.012300
187	0.279700
188	1.017900
