1	0.106000
2	0.106000
3	0.078200
4	0.050500
5	0.239800
6	0.161500
7	0.267500
8	0.037900
9	0.055500
10	0.328100
11	0.106000
12	0.133800
13	0.764700
14	1.203900
15	0.199400
16	0.050500
17	0.179200
18	0.083300
19	0.093400
20	0.229700
21	0.065600
22	0.138800
23	0.323100
24	0.249900
25	0.073200
26	1.216500
27	1.075200
28	0.350800
29	1.216500
30	1.216500
31	0.083300
32	0.055500
33	0.194300
34	0.017700
35	0.101000
36	0.345800
37	0.050500
38	0.217100
39	0.419000
40	0.492200
41	0.830400
42	0.083300
43	0.474500
44	0.199400
45	0.161500
46	0.497200
47	0.068100
48	0.055500
49	0.229700
50	0.378600
51	0.350800
52	0.603200
53	0.363400
54	0.663800
55	0.133800
56	0.128700
57	0.345800
58	0.350800
59	0.065600
60	0.073200
61	0.199400
62	0.156500
63	0.350800
64	0.093400
65	0.350800
66	0.207000
67	0.424000
68	0.290200
69	0.764700
70	0.949000
71	0.249900
72	0.146400
73	0.128700
74	0.184200
75	0.166600
76	0.199400
77	0.128700
78	0.217100
79	1.216500
80	1.216500
81	0.244800
82	0.976800
83	0.138800
84	0.709200
85	0.212000
86	0.249900
87	0.146400
88	0.055500
89	0.199400
90	0.959100
91	1.216500
92	1.009600
93	0.313000
94	0.212000
95	0.222100
96	0.189300
97	0.300300
98	0.249900
99	0.257400
100	0.133800
101	0.358400
102	1.148400
103	0.820300
104	0.239800
105	0.419000
106	0.820300
107	0.171600
108	0.820300
109	0.613300
110	1.216500
111	0.207000
112	0.658700
113	0.567900
114	0.146400
115	0.383600
116	1.216500
117	0.737000
118	1.216500
119	0.212000
120	0.340700
121	0.184200
122	0.244800
123	0.156500
124	0.106000
125	0.257400
126	0.249900
127	0.184200
128	0.391200
129	1.216500
130	0.133800
131	0.083300
132	0.954000
133	0.363400
134	0.133800
135	0.123700
136	0.252400
137	0.088300
138	0.199400
139	0.078200
140	0.060600
141	0.222100
142	0.305400
143	0.787500
144	0.111100
145	0.378600
146	1.055000
147	1.014600
148	0.305400
149	0.779900
150	0.244800
151	0.171600
152	0.305400
153	0.318000
154	0.083300
155	0.224600
156	0.151400
157	0.156500
158	0.474500
159	0.517400
160	0.701600
161	0.964100
162	0.350800
163	0.239800
164	0.464400
165	0.701600
166	0.290200
167	1.216500
168	1.077700
169	0.307900
170	0.350800
171	0.631000
172	0.350800
173	0.166600
174	0.318000
175	1.216500
176	0.171600
177	0.358400
178	0.000000
179	1.216500
180	0.000000
181	0.719300
182	0.350800
183	1.022200
184	1.216500
185	0.507300
186	1.115600
187	0.257400
188	1.183700
