1	0.097900
2	0.181800
3	0.181800
4	0.053200
5	0.439200
6	0.291000
7	0.366500
8	0.106300
9	0.139900
10	0.355300
11	0.279800
12	0.226600
13	1.040700
14	1.040700
15	0.226600
16	0.215400
17	1.105100
18	0.000000
19	1.221200
20	0.000000
21	0.559500
22	0.461600
23	0.900800
24	0.526000
25	0.257400
26	1.221200
27	1.221200
28	0.257400
29	1.221200
30	1.221200
31	0.097900
32	0.151100
33	0.514800
34	0.246200
35	0.246200
36	0.847700
37	0.128700
38	0.310500
39	0.643500
40	1.032300
41	0.998800
42	0.086700
43	0.752600
44	0.162300
45	0.204200
46	0.548300
47	0.075500
48	0.053200
49	0.321700
50	0.397300
51	0.514800
52	0.858900
53	0.344100
54	0.923200
55	0.268600
56	0.181800
57	0.321700
58	0.537100
59	0.139900
60	0.097900
61	0.310500
62	0.215400
63	0.366500
64	0.204200
65	0.332900
66	0.310500
67	0.484000
68	0.344100
69	0.976400
70	1.032300
71	0.310500
72	0.139900
73	0.215400
74	0.106300
75	0.139900
76	0.246200
77	0.204200
78	0.162300
79	1.221200
80	1.221200
81	0.246200
82	1.221200
83	0.257400
84	0.665800
85	0.246200
86	0.299300
87	0.291000
88	0.075500
89	0.151100
90	1.161000
91	1.221200
92	0.987600
93	0.430800
94	0.246200
95	0.226600
96	0.170700
97	0.439200
98	0.170700
99	0.291000
100	0.128700
101	0.355300
102	1.105100
103	1.032300
104	0.257400
105	0.397300
106	0.816900
107	0.117500
108	0.707800
109	0.707800
110	1.221200
111	0.170700
112	0.579100
113	0.548300
114	0.215400
115	0.344100
116	1.221200
117	0.805700
118	1.221200
119	0.193000
120	0.450400
121	0.193000
122	0.162300
123	0.355300
124	0.064300
125	0.215400
126	0.246200
127	0.235000
128	0.397300
129	1.221200
130	0.162300
131	0.117500
132	0.858900
133	0.366500
134	0.193000
135	0.162300
136	0.257400
137	0.033600
138	0.299300
139	0.042000
140	0.064300
141	0.257400
142	0.355300
143	0.719000
144	0.117500
145	0.386100
146	1.021100
147	0.945600
148	0.321700
149	0.654600
150	0.246200
151	0.151100
152	0.268600
153	0.332900
154	0.117500
155	0.204200
156	0.097900
157	0.086700
158	0.461600
159	0.472800
160	0.612700
161	0.688200
162	0.366500
163	0.321700
164	0.514800
165	0.601500
166	0.226600
167	1.221200
168	0.934400
169	0.299300
170	0.257400
171	0.291000
172	0.268600
173	0.215400
174	0.128700
175	1.221200
176	0.291000
177	0.235000
178	0.106300
179	0.215400
180	0.117500
181	0.386100
182	0.181800
183	0.881300
184	0.881300
185	0.226600
186	0.567900
187	0.204200
188	0.601500
