1	0.079600
2	0.144300
3	0.047300
4	0.062200
5	0.393200
6	0.206600
7	0.278700
8	0.049800
9	0.089600
10	0.286200
11	0.166700
12	0.191600
13	1.202000
14	1.229700
15	0.231400
16	0.072200
17	0.318500
18	0.144300
19	0.117000
20	0.552500
21	0.251300
22	1.229700
23	0.000000
24	1.229700
25	0.000000
26	1.229700
27	1.229700
28	0.224000
29	1.229700
30	1.229700
31	0.199100
32	0.062200
33	0.425500
34	0.077100
35	0.119500
36	0.477800
37	0.074700
38	0.435500
39	0.592300
40	0.746600
41	1.027800
42	0.144300
43	0.711700
44	0.238900
45	0.196600
46	0.555000
47	0.052300
48	0.054700
49	0.293700
50	0.477800
51	0.517600
52	0.694300
53	0.462900
54	0.741600
55	0.214000
56	0.112000
57	0.452900
58	0.642100
59	0.052300
60	0.131900
61	0.238900
62	0.209000
63	0.400700
64	0.107000
65	0.238900
66	0.316100
67	0.599800
68	0.555000
69	0.960600
70	1.010400
71	0.266300
72	0.154300
73	0.146800
74	0.134400
75	0.176700
76	0.179200
77	0.161800
78	0.159300
79	1.229700
80	1.229700
81	0.199100
82	1.202000
83	0.204100
84	0.744100
85	0.251300
86	0.385700
87	0.186600
88	0.079600
89	0.229000
90	1.164700
91	1.229700
92	1.077600
93	0.288700
94	0.311100
95	0.241400
96	0.233900
97	0.323500
98	0.266300
99	0.326000
100	0.074700
101	0.378300
102	1.211900
103	1.032800
104	0.241400
105	0.353400
106	0.895900
107	0.126900
108	0.828700
109	0.619700
110	1.229700
111	0.216500
112	0.587300
113	0.547500
114	0.184200
115	0.413100
116	1.229700
117	0.823700
118	1.229700
119	0.151800
120	0.375800
121	0.196600
122	0.238900
123	0.206600
124	0.074700
125	0.238900
126	0.306100
127	0.238900
128	0.400700
129	1.229700
130	0.087100
131	0.107000
132	0.908300
133	0.313600
134	0.146800
135	0.109500
136	0.189100
137	0.119500
138	0.263800
139	0.082100
140	0.094600
141	0.201600
142	0.375800
143	0.841100
144	0.107000
145	0.326000
146	1.189500
147	0.908300
148	0.343400
149	0.771500
150	0.258800
151	0.141800
152	0.276200
153	0.343400
154	0.079600
155	0.189100
156	0.087100
157	0.069700
158	0.365800
159	0.465400
160	0.564900
161	0.823700
162	0.331000
163	0.211500
164	0.380800
165	0.744100
166	0.238900
167	1.229700
168	0.890900
169	0.243900
170	0.221500
171	0.248900
172	0.268800
173	0.171700
174	0.102000
175	1.229700
176	0.233900
177	0.333500
178	0.154300
179	0.129400
180	0.151800
181	0.395700
182	0.206600
183	0.671900
184	0.716700
185	0.251300
186	0.477800
187	0.191600
188	0.532600
