1	0.090300
2	0.127500
3	0.079700
4	0.098300
5	0.494000
6	0.268200
7	0.268200
8	0.090300
9	0.050500
10	0.286800
11	0.228400
12	0.217800
13	0.701100
14	1.027700
15	0.177900
16	0.196500
17	0.305400
18	0.167300
19	0.090300
20	0.366500
21	0.098300
22	0.236400
23	1.282300
24	0.831200
25	0.159300
26	1.282300
27	0.385100
28	0.079700
29	1.282300
30	0.000000
31	1.282300
32	0.000000
33	0.257600
34	0.682500
35	0.247000
36	0.918900
37	0.268200
38	0.406300
39	1.078200
40	0.889600
41	1.282300
42	0.079700
43	0.860400
44	0.207100
45	0.188600
46	0.671900
47	0.079700
48	0.090300
49	0.207100
50	0.395700
51	0.355900
52	0.762200
53	0.475400
54	0.820600
55	0.247000
56	0.177900
57	0.276200
58	0.523200
59	0.108900
60	0.090300
61	0.305400
62	0.247000
63	0.355900
64	0.167300
65	0.345200
66	0.247000
67	0.563000
68	0.435500
69	0.900300
70	0.733000
71	0.236400
72	0.236400
73	0.177900
74	0.138100
75	0.108900
76	0.217800
77	0.108900
78	0.167300
79	1.282300
80	1.282300
81	0.167300
82	1.274700
83	0.268200
84	0.772800
85	0.188600
86	0.257600
87	0.236400
88	0.090300
89	0.257600
90	1.256100
91	1.282300
92	1.078200
93	0.355900
94	0.167300
95	0.286800
96	0.276200
97	0.337300
98	0.276200
99	0.326600
100	0.090300
101	0.326600
102	1.282300
103	1.187100
104	0.217800
105	0.494000
106	0.929500
107	0.138100
108	0.780800
109	0.740900
110	1.282300
111	0.217800
112	0.772800
113	0.414300
114	0.257600
115	0.337300
116	1.282300
117	0.950700
118	1.282300
119	0.228400
120	0.366500
121	0.217800
122	0.257600
123	0.217800
124	0.069000
125	0.276200
126	0.366500
127	0.297400
128	0.414300
129	1.282300
130	0.119500
131	0.167300
132	0.969300
133	0.366500
134	0.148700
135	0.167300
136	0.127500
137	0.108900
138	0.257600
139	0.058400
140	0.108900
141	0.247000
142	0.592200
143	0.762200
144	0.079700
145	0.414300
146	1.038400
147	0.979900
148	0.305400
149	0.592200
150	0.395700
151	0.148700
152	0.268200
153	0.366500
154	0.029200
155	0.236400
156	0.127500
157	0.119500
158	0.446100
159	0.424900
160	0.613500
161	0.772800
162	0.446100
163	0.268200
164	0.563000
165	0.762200
166	0.159300
167	1.282300
168	1.009100
169	0.268200
170	0.177900
171	0.337300
172	0.247000
173	0.268200
174	0.119500
175	1.282300
176	0.196500
177	0.305400
178	0.167300
179	0.177900
180	0.159300
181	0.337300
182	0.138100
183	0.632000
184	0.653300
185	0.236400
186	0.504600
187	0.257600
188	0.573600
