1	0.1169
2	0.1264
3	0.0663
4	0.079
5	0.3222
6	0.1738
7	0.3412
8	0.0569
9	0.079
10	0.3507
11	0.1769
12	0.1959
13	1.0552
14	1.1654
15	0.2338
16	0.0821
17	0.2117
18	0.0885
19	0.079
20	0.2275
21	0.0663
22	0.1327
23	0.4233
24	0.3222
25	0.1264
26	1.1654
27	1.1654
28	0.3886
29	1.1654
30	1.1654
31	0.0821
32	0.0442
33	0.2148
34	0.06
35	0.1011
36	0.3254
37	0.0821
38	0.3665
39	0.5276
40	0.7014
41	0.9035
42	0.1011
43	0.6224
44	0.1896
45	0.1674
46	0.6003
47	0.079
48	0.06
49	0.3064
50	0.3949
51	0.4486
52	0.8625
53	0.4012
54	0.8909
55	0.1611
56	0.1453
57	0.3444
58	0.4297
59	0.079
60	0.1074
61	0.2749
62	0.2054
63	0.4644
64	0.1264
65	0.376
66	0.3159
67	0.5181
68	0.3317
69	1.0331
70	1.1563
71	0.2938
72	0.1832
73	0.1927
74	0.158
75	0.2022
76	0.2117
77	0.1769
78	0.199
79	1.1654
80	1.1654
81	0.199
82	1.1654
83	0.2275
84	0.7961
85	0.2401
86	0.3222
87	0.2401
88	0.0885
89	0.1674
90	1.1654
91	1.1654
92	1.1654
93	0.3854
94	0.278
95	0.2433
96	0.2875
97	0.3949
98	0.2433
99	0.2843
100	0.1011
101	0.3791
102	1.1654
103	1.15
104	0.2749
105	0.4549
106	1.0394
107	0.1864
108	0.9446
109	0.7677
110	1.1654
111	0.2085
112	0.6508
113	0.5655
114	0.2085
115	0.4549
116	1.1654
117	0.9478
118	1.1654
119	0.1927
120	0.4202
121	0.2085
122	0.2148
123	0.2117
124	0.1043
125	0.2907
126	0.3602
127	0.2591
128	0.4897
129	1.1654
130	0.1422
131	0.139
132	1.15
133	0.4739
134	0.1832
135	0.1485
136	0.2338
137	0.1137
138	0.297
139	0.1074
140	0.0979
141	0.2749
142	0.4423
143	0.9257
144	0.1264
145	0.4139
146	1.1654
147	1.1279
148	0.4075
149	0.8593
150	0.3412
151	0.1706
152	0.2622
153	0.4486
154	0.0821
155	0.2559
156	0.0916
157	0.0979
158	0.4834
159	0.477
160	0.6792
161	0.9636
162	0.4328
163	0.2875
164	0.4992
165	0.7867
166	0.2685
167	1.1654
168	1.0805
169	0.3191
170	0.2243
171	0.2812
172	0.3128
173	0.2243
174	0.1516
175	1.1654
176	0.278
177	0.3538
178	0.139
179	0.1706
180	0.1674
181	0.4676
182	0.2369
183	0.8372
184	0.9099
185	0.2622
186	0.5908
187	0.2464
188	0.6856
