1	0.121900
2	0.118500
3	0.071100
4	0.081200
5	0.345300
6	0.216600
7	0.392700
8	0.067700
9	0.101600
10	0.419800
11	0.196300
12	0.240300
13	1.191600
14	1.220300
15	0.321600
16	0.088000
17	0.267400
18	0.101600
19	0.081200
20	0.240300
21	0.088000
22	0.138800
23	0.507800
24	0.524700
25	0.138800
26	1.220300
27	1.220300
28	0.487500
29	1.220300
30	1.220300
31	0.118500
32	0.060900
33	0.294500
34	0.118500
35	0.264000
36	0.440100
37	0.000000
38	1.220300
39	0.000000
40	0.250500
41	0.707500
42	0.237000
43	0.602500
44	0.352100
45	0.247100
46	0.724400
47	0.081200
48	0.081200
49	0.426500
50	0.470500
51	0.616100
52	0.856400
53	0.446800
54	0.985100
55	0.193000
56	0.179400
57	0.443400
58	0.497600
59	0.101600
60	0.081200
61	0.321600
62	0.257300
63	0.473900
64	0.121900
65	0.392700
66	0.304700
67	0.592400
68	0.423100
69	1.035800
70	1.201700
71	0.358800
72	0.240300
73	0.196300
74	0.193000
75	0.247100
76	0.213300
77	0.176000
78	0.182800
79	1.220300
80	1.220300
81	0.230200
82	1.220300
83	0.274200
84	0.822600
85	0.267400
86	0.348700
87	0.311400
88	0.125200
89	0.189600
90	1.220300
91	1.220300
92	1.220300
93	0.433300
94	0.304700
95	0.304700
96	0.281000
97	0.473900
98	0.287700
99	0.328400
100	0.088000
101	0.379100
102	1.220300
103	1.220300
104	0.308000
105	0.524700
106	1.113700
107	0.237000
108	0.971500
109	0.812400
110	1.220300
111	0.199700
112	0.690600
113	0.626200
114	0.247100
115	0.429900
116	1.220300
117	1.032500
118	1.220300
119	0.213300
120	0.426500
121	0.203100
122	0.220000
123	0.233600
124	0.088000
125	0.314800
126	0.409600
127	0.253900
128	0.548400
129	1.220300
130	0.176000
131	0.138800
132	1.205100
133	0.561900
134	0.189600
135	0.162500
136	0.209900
137	0.118500
138	0.311400
139	0.135400
140	0.111700
141	0.240300
142	0.487500
143	0.958000
144	0.121900
145	0.473900
146	1.220300
147	1.130600
148	0.392700
149	0.883500
150	0.385900
151	0.145600
152	0.301300
153	0.501000
154	0.074500
155	0.253900
156	0.081200
157	0.101600
158	0.490800
159	0.551800
160	0.731200
161	0.971500
162	0.477300
163	0.281000
164	0.487500
165	0.802300
166	0.331700
167	1.220300
168	1.220300
169	0.358800
170	0.240300
171	0.284300
172	0.365600
173	0.243700
174	0.138800
175	1.220300
176	0.308000
177	0.335100
178	0.142200
179	0.135400
180	0.209900
181	0.446800
182	0.267400
183	0.886900
184	0.941100
185	0.321600
186	0.548400
187	0.264000
188	0.660100
