1	0.135100
2	0.099800
3	0.047000
4	0.082200
5	0.399300
6	0.205500
7	0.249600
8	0.091000
9	0.067500
10	0.281900
11	0.226100
12	0.149700
13	0.916000
14	1.248200
15	0.537300
16	0.123300
17	0.267200
18	0.091000
19	0.070500
20	0.281900
21	0.082200
22	0.176200
23	0.463900
24	0.484400
25	0.099800
26	1.248200
27	1.233100
28	0.355300
29	1.248200
30	1.248200
31	0.099800
32	0.038200
33	0.229000
34	0.076300
35	0.187900
36	0.302400
37	0.091000
38	0.590100
39	0.622400
40	0.839700
41	0.839700
42	0.293600
43	0.000000
44	1.248200
45	0.000000
46	0.825000
47	0.096900
48	0.067500
49	0.317100
50	0.537300
51	0.643000
52	0.801500
53	0.478600
54	0.945400
55	0.138000
56	0.123300
57	0.355300
58	0.619500
59	0.058700
60	0.120400
61	0.240800
62	0.267200
63	0.402200
64	0.120400
65	0.355300
66	0.340600
67	0.569600
68	0.393400
69	1.007000
70	1.189100
71	0.308300
72	0.173200
73	0.158500
74	0.187900
75	0.190800
76	0.205500
77	0.167400
78	0.211400
79	1.248200
80	1.248200
81	0.205500
82	1.241900
83	0.182000
84	0.751600
85	0.296500
86	0.264200
87	0.240800
88	0.047000
89	0.167400
90	1.248200
91	1.248200
92	0.983600
93	0.264200
94	0.273000
95	0.243700
96	0.296500
97	0.393400
98	0.267200
99	0.281900
100	0.105700
101	0.393400
102	1.248200
103	1.121600
104	0.258400
105	0.387600
106	0.916000
107	0.202600
108	1.015900
109	0.687000
110	1.248200
111	0.158500
112	0.575500
113	0.593100
114	0.234900
115	0.422800
116	1.248200
117	0.839700
118	1.248200
119	0.158500
120	0.358200
121	0.167400
122	0.249600
123	0.196700
124	0.123300
125	0.255400
126	0.364100
127	0.220200
128	0.425700
129	1.248200
130	0.123300
131	0.096900
132	0.983600
133	0.440400
134	0.099800
135	0.149700
136	0.258400
137	0.105700
138	0.281900
139	0.091000
140	0.085100
141	0.264200
142	0.499100
143	0.863200
144	0.070500
145	0.425700
146	1.212600
147	1.045200
148	0.346400
149	0.863200
150	0.320000
151	0.196700
152	0.234900
153	0.416900
154	0.076300
155	0.211400
156	0.129200
157	0.105700
158	0.513800
159	0.507900
160	0.695800
161	0.854400
162	0.411000
163	0.229000
164	0.393400
165	0.742800
166	0.308300
167	1.248200
168	1.089300
169	0.349400
170	0.384600
171	0.364100
172	0.267200
173	0.211400
174	0.114500
175	1.248200
176	0.243700
177	0.296500
178	0.123300
179	0.205500
180	0.167400
181	0.364100
182	0.243700
183	0.781000
184	0.736900
185	0.229000
186	0.528500
187	0.205500
188	0.554900
