1	0.147500
2	0.115700
3	0.083900
4	0.037600
5	0.298000
6	0.248800
7	0.341400
8	0.069400
9	0.101300
10	0.335600
11	0.170700
12	0.185200
13	0.894000
14	1.119300
15	0.266200
16	0.069400
17	0.228600
18	0.101300
19	0.101300
20	0.234300
21	0.069400
22	0.196700
23	0.425300
24	0.439800
25	0.138900
26	1.119300
27	1.119300
28	0.303800
29	1.119300
30	1.119300
31	0.101300
32	0.081000
33	0.266200
34	0.081000
35	0.127300
36	0.393500
37	0.107000
38	0.457100
39	0.558400
40	0.601800
41	1.003900
42	0.121500
43	0.564200
44	0.000000
45	1.119300
46	0.000000
47	0.057900
48	0.057900
49	0.248800
50	0.266200
51	0.494700
52	1.073300
53	0.399300
54	0.966300
55	0.164900
56	0.179400
57	0.520800
58	0.439800
59	0.107000
60	0.133100
61	0.309600
62	0.298000
63	0.488900
64	0.095500
65	0.335600
66	0.329800
67	0.552600
68	0.483200
69	1.015500
70	1.053100
71	0.309600
72	0.211200
73	0.170700
74	0.170700
75	0.179400
76	0.272000
77	0.202500
78	0.367400
79	1.119300
80	1.119300
81	0.222800
82	1.111000
83	0.217000
84	0.894000
85	0.260400
86	0.272000
87	0.222800
88	0.052100
89	0.245900
90	1.119300
91	1.119300
92	0.998100
93	0.436900
94	0.318200
95	0.211200
96	0.292200
97	0.355900
98	0.260400
99	0.367400
100	0.089700
101	0.425300
102	1.119300
103	1.058900
104	0.254600
105	0.399300
106	1.047300
107	0.164900
108	0.807200
109	0.830300
110	1.119300
111	0.208300
112	0.691500
113	0.552600
114	0.211200
115	0.515000
116	1.119300
117	0.957600
118	1.119300
119	0.196700
120	0.405000
121	0.228600
122	0.228600
123	0.211200
124	0.107000
125	0.292200
126	0.277700
127	0.280600
128	0.436900
129	1.119300
130	0.121500
131	0.133100
132	1.058900
133	0.399300
134	0.170700
135	0.121500
136	0.153300
137	0.089700
138	0.280600
139	0.112800
140	0.115700
141	0.260400
142	0.477400
143	0.781100
144	0.101300
145	0.286400
146	1.119300
147	0.995200
148	0.344300
149	0.850600
150	0.303800
151	0.164900
152	0.266200
153	0.318200
154	0.075200
155	0.228600
156	0.089700
157	0.095500
158	0.436900
159	0.515000
160	0.601800
161	0.902700
162	0.405000
163	0.292200
164	0.468700
165	0.766700
166	0.260400
167	1.119300
168	1.093600
169	0.318200
170	0.341400
171	0.393500
172	0.277700
173	0.280600
174	0.138900
175	1.119300
176	0.286400
177	0.324000
178	0.144700
179	0.185200
180	0.190900
181	0.538100
182	0.217000
183	0.813000
184	0.876600
185	0.260400
186	0.526500
187	0.196700
188	0.636500
