1	0.092200
2	0.144800
3	0.044800
4	0.079000
5	0.308100
6	0.150100
7	0.326500
8	0.044800
9	0.060600
10	0.258000
11	0.181700
12	0.158000
13	0.787300
14	1.362300
15	0.197500
16	0.076400
17	0.187000
18	0.084300
19	0.079000
20	0.213300
21	0.063200
22	0.105300
23	0.339700
24	0.329100
25	0.129000
26	1.362300
27	1.190200
28	0.352800
29	1.362300
30	1.362300
31	0.055300
32	0.023700
33	0.187000
34	0.052700
35	0.126400
36	0.276500
37	0.073700
38	0.395000
39	0.429200
40	0.700400
41	0.708300
42	0.084300
43	0.645100
44	0.173800
45	0.123800
46	0.484500
47	0.492400
48	0.000000
49	1.362300
50	0.000000
51	0.634600
52	1.362300
53	0.595100
54	0.947900
55	0.208000
56	0.395000
57	0.571400
58	0.637200
59	0.118500
60	0.108000
61	0.284400
62	0.192200
63	0.371300
64	0.144800
65	0.413400
66	0.300200
67	0.524000
68	0.305400
69	0.945300
70	1.003200
71	0.305400
72	0.184300
73	0.187000
74	0.158000
75	0.179100
76	0.147500
77	0.129000
78	0.129000
79	1.362300
80	1.362300
81	0.155400
82	1.079600
83	0.160600
84	0.708300
85	0.160600
86	0.244900
87	0.184300
88	0.079000
89	0.142200
90	1.132200
91	1.362300
92	1.074300
93	0.292300
94	0.234300
95	0.202800
96	0.239600
97	0.339700
98	0.218500
99	0.250100
100	0.052700
101	0.287000
102	1.362300
103	1.000600
104	0.210600
105	0.373900
106	0.969000
107	0.136900
108	0.761000
109	0.668800
110	1.362300
111	0.189600
112	0.655600
113	0.534500
114	0.194900
115	0.373900
116	1.362300
117	0.829400
118	1.327100
119	0.202800
120	0.384400
121	0.210600
122	0.247500
123	0.218500
124	0.118500
125	0.310700
126	0.460800
127	0.268600
128	0.350200
129	1.362300
130	0.094800
131	0.094800
132	0.932100
133	0.447600
134	0.121100
135	0.134300
136	0.158000
137	0.097400
138	0.250100
139	0.089500
140	0.079000
141	0.387100
142	0.452900
143	1.003200
144	0.086900
145	0.323900
146	1.208600
147	0.837300
148	0.318600
149	0.700400
150	0.352800
151	0.155400
152	0.265900
153	0.431800
154	0.055300
155	0.158000
156	0.086900
157	0.097400
158	0.447600
159	0.416000
160	0.674100
161	0.868900
162	0.384400
163	0.247500
164	0.437100
165	0.745200
166	0.255400
167	1.362300
168	0.863700
169	0.234300
170	0.181700
171	0.158000
172	0.268600
173	0.152700
174	0.134300
175	1.362300
176	0.215900
177	0.310700
178	0.113200
179	0.131700
180	0.105300
181	0.416000
182	0.176400
183	0.703000
184	0.758300
185	0.208000
186	0.452900
187	0.189600
188	0.634600
