1	0.064700
2	0.126600
3	0.056300
4	0.064700
5	0.244700
6	0.149100
7	0.323500
8	0.059100
9	0.056300
10	0.360100
11	0.160300
12	0.182800
13	1.038000
14	1.258400
15	0.222200
16	0.064700
17	0.191300
18	0.073100
19	0.092800
20	0.196900
21	0.075900
22	0.115300
23	0.433200
24	0.320700
25	0.098500
26	1.258400
27	1.198300
28	0.388200
29	1.258400
30	1.258400
31	0.098500
32	0.067500
33	0.202500
34	0.056300
35	0.115300
36	0.275700
37	0.059100
38	0.357200
39	0.509100
40	0.703200
41	0.877600
42	0.101300
43	0.520400
44	0.157500
45	0.182800
46	0.599200
47	0.106900
48	0.050600
49	0.343200
50	0.306600
51	0.360100
52	0.753900
53	0.419100
54	0.810100
55	0.202500
56	0.272900
57	0.537300
58	0.610400
59	0.427600
60	0.000000
61	1.258400
62	0.000000
63	0.728600
64	0.123800
65	0.379700
66	0.452900
67	0.649800
68	0.396600
69	1.240500
70	1.111100
71	0.351600
72	0.208200
73	0.168800
74	0.202500
75	0.196900
76	0.247500
77	0.168800
78	0.208200
79	1.258400
80	1.258400
81	0.151900
82	1.201100
83	0.177200
84	0.863600
85	0.236300
86	0.281300
87	0.182800
88	0.042200
89	0.191300
90	1.258400
91	1.258400
92	1.108300
93	0.312200
94	0.261600
95	0.196900
96	0.261600
97	0.258800
98	0.205300
99	0.256000
100	0.064700
101	0.286900
102	1.258400
103	1.105500
104	0.219400
105	0.430400
106	0.919800
107	0.146300
108	0.807300
109	0.669500
110	1.258400
111	0.157500
112	0.602000
113	0.500700
114	0.196900
115	0.461300
116	1.258400
117	0.959200
118	1.258400
119	0.157500
120	0.348800
121	0.225000
122	0.256000
123	0.281300
124	0.143500
125	0.261600
126	0.278500
127	0.256000
128	0.419100
129	1.258400
130	0.121000
131	0.118100
132	0.962000
133	0.444400
134	0.160300
135	0.132200
136	0.236300
137	0.078800
138	0.230700
139	0.104100
140	0.129400
141	0.222200
142	0.351600
143	0.756700
144	0.104100
145	0.382600
146	1.258400
147	1.077400
148	0.362900
149	0.872000
150	0.306600
151	0.143500
152	0.208200
153	0.379700
154	0.059100
155	0.222200
156	0.073100
157	0.095600
158	0.405100
159	0.419100
160	0.599200
161	0.883300
162	0.416300
163	0.225000
164	0.421900
165	0.607600
166	0.236300
167	1.258400
168	0.964800
169	0.334700
170	0.174400
171	0.247500
172	0.256000
173	0.185700
174	0.129400
175	1.258400
176	0.208200
177	0.241900
178	0.135000
179	0.135000
180	0.129400
181	0.382600
182	0.216600
183	0.773600
184	0.784800
185	0.202500
186	0.472600
187	0.233500
188	0.537300
