1	0.125700
2	0.178800
3	0.092200
4	0.069900
5	0.271000
6	0.229100
7	0.343700
8	0.050300
9	0.044700
10	0.357700
11	0.206800
12	0.167600
13	0.891300
14	1.286000
15	0.265400
16	0.086600
17	0.254300
18	0.069900
19	0.053100
20	0.248700
21	0.039100
22	0.150900
23	0.368800
24	0.304600
25	0.114600
26	1.286000
27	0.983500
28	0.299000
29	1.286000
30	1.286000
31	0.075400
32	0.044700
33	0.265400
34	0.044700
35	0.109000
36	0.315700
37	0.109000
38	0.363200
39	0.472200
40	0.712500
41	0.896900
42	0.142500
43	0.461000
44	0.212400
45	0.173200
46	0.592400
47	0.075400
48	0.075400
49	0.326900
50	0.310200
51	0.419100
52	0.695700
53	0.449900
54	0.827100
55	0.195600
56	0.148100
57	0.424700
58	0.402400
59	0.136900
60	0.178800
61	0.346500
62	0.234700
63	0.544900
64	0.254300
65	0.642700
66	0.352100
67	0.614700
68	0.740500
69	0.852200
70	1.140000
71	0.505700
72	1.286000
73	0.000000
74	1.286000
75	0.000000
76	0.248700
77	0.326900
78	0.326900
79	1.286000
80	1.286000
81	0.201200
82	1.286000
83	0.229100
84	0.734900
85	0.343700
86	0.374400
87	0.265400
88	0.136900
89	0.229100
90	1.271300
91	1.286000
92	1.237800
93	0.391200
94	0.357700
95	0.276600
96	0.343700
97	0.396800
98	0.287800
99	0.304600
100	0.125700
101	0.424700
102	1.286000
103	1.092500
104	0.212400
105	0.352100
106	1.039400
107	0.156500
108	0.983500
109	0.748800
110	1.286000
111	0.184400
112	0.679000
113	0.500200
114	0.217900
115	0.363200
116	1.286000
117	0.874600
118	1.286000
119	0.195600
120	0.419100
121	0.206800
122	0.248700
123	0.245900
124	0.120100
125	0.276600
126	0.234700
127	0.245900
128	0.483400
129	1.286000
130	0.162100
131	0.125700
132	1.033800
133	0.466600
134	0.109000
135	0.142500
136	0.148100
137	0.125700
138	0.245900
139	0.075400
140	0.075400
141	0.293400
142	0.441500
143	0.863400
144	0.142500
145	0.338100
146	1.212700
147	0.966800
148	0.435900
149	0.788000
150	0.254300
151	0.156500
152	0.240300
153	0.321300
154	0.103400
155	0.190000
156	0.131300
157	0.120100
158	0.435900
159	0.461000
160	0.754400
161	0.832700
162	0.357700
163	0.271000
164	0.449900
165	0.667800
166	0.245900
167	1.286000
168	1.000300
169	0.254300
170	0.178800
171	0.282200
172	0.240300
173	0.167600
174	0.097800
175	1.286000
176	0.299000
177	0.346500
178	0.148100
179	0.217900
180	0.125700
181	0.455400
182	0.201200
183	0.684600
184	0.760000
185	0.287800
186	0.461000
187	0.245900
188	0.553200
