1	0.104200
2	0.142900
3	0.065500
4	0.056600
5	0.330400
6	0.148800
7	0.294700
8	0.077400
9	0.065500
10	0.333400
11	0.169700
12	0.205400
13	1.009100
14	1.256200
15	0.208400
16	0.086300
17	0.235200
18	0.074400
19	0.101200
20	0.214300
21	0.053600
22	0.101200
23	0.494100
24	0.324500
25	0.142900
26	1.256200
27	1.172800
28	0.375100
29	1.256200
30	1.256200
31	0.095300
32	0.044700
33	0.220300
34	0.059500
35	0.122000
36	0.318500
37	0.047600
38	0.321500
39	0.422700
40	0.663800
41	0.973400
42	0.104200
43	0.568600
44	0.187500
45	0.220300
46	0.526900
47	0.077400
48	0.083300
49	0.244100
50	0.375100
51	0.455400
52	0.851300
53	0.407800
54	0.824500
55	0.172600
56	0.160700
57	0.339300
58	0.509000
59	0.107200
60	0.178600
61	0.339300
62	0.273900
63	0.503100
64	0.139900
65	0.381000
66	0.407800
67	0.598300
68	0.640000
69	1.086500
70	1.143100
71	0.333400
72	0.577500
73	0.535800
74	0.199400
75	0.000000
76	1.256200
77	0.000000
78	0.851300
79	1.256200
80	1.256200
81	0.187500
82	1.256200
83	0.479300
84	1.050800
85	0.318500
86	0.494100
87	0.235200
88	0.092300
89	0.134000
90	1.256200
91	1.256200
92	1.202600
93	0.407800
94	0.312600
95	0.264900
96	0.270900
97	0.437600
98	0.276800
99	0.309600
100	0.074400
101	0.398900
102	1.256200
103	1.018000
104	0.235200
105	0.446500
106	0.904900
107	0.163700
108	0.904900
109	0.654900
110	1.256200
111	0.214300
112	0.660800
113	0.494100
114	0.214300
115	0.473300
116	1.256200
117	0.904900
118	1.256200
119	0.190500
120	0.375100
121	0.220300
122	0.291700
123	0.208400
124	0.125000
125	0.294700
126	0.318500
127	0.256000
128	0.407800
129	1.256200
130	0.139900
131	0.095300
132	1.125200
133	0.437600
134	0.160700
135	0.131000
136	0.235200
137	0.074400
138	0.360200
139	0.095300
140	0.095300
141	0.256000
142	0.416700
143	0.809700
144	0.113100
145	0.425700
146	1.256200
147	0.913900
148	0.407800
149	0.842400
150	0.318500
151	0.142900
152	0.276800
153	0.381000
154	0.083300
155	0.264900
156	0.125000
157	0.139900
158	0.452500
159	0.431600
160	0.640000
161	0.952500
162	0.348300
163	0.264900
164	0.431600
165	0.678700
166	0.309600
167	1.256200
168	0.934700
169	0.294700
170	0.235200
171	0.339300
172	0.351300
173	0.214300
174	0.142900
175	1.256200
176	0.229200
177	0.375100
178	0.151800
179	0.187500
180	0.199400
181	0.389900
182	0.226200
183	0.833500
184	0.800700
185	0.220300
186	0.452500
187	0.229200
188	0.651900
