1	0.074300
2	0.121100
3	0.052300
4	0.055000
5	0.258700
6	0.137600
7	0.291700
8	0.038500
9	0.055000
10	0.366000
11	0.167900
12	0.189900
13	0.897100
14	1.249400
15	0.192600
16	0.093600
17	0.206400
18	0.074300
19	0.063300
20	0.198100
21	0.046800
22	0.121100
23	0.357700
24	0.288900
25	0.132100
26	1.297200
27	1.103500
28	0.283400
29	1.297200
30	1.297200
31	0.074300
32	0.033000
33	0.209100
34	0.046800
35	0.101800
36	0.266900
37	0.055000
38	0.275200
39	0.465100
40	0.542100
41	0.894400
42	0.107300
43	0.503600
44	0.189900
45	0.297200
46	0.690700
47	0.093600
48	0.077100
49	0.209100
50	0.275200
51	0.390800
52	0.679700
53	0.275200
54	0.787000
55	0.170600
56	0.145800
57	0.291700
58	0.404500
59	0.077100
60	0.151400
61	0.283400
62	0.377000
63	0.451300
64	0.123800
65	0.558600
66	0.399000
67	1.297200
68	0.880600
69	0.690700
70	0.864100
71	0.220100
72	0.423800
73	0.151400
74	0.258700
75	0.338500
76	0.842100
77	0.000000
78	1.297200
79	0.000000
80	1.297200
81	0.897100
82	1.297200
83	0.269700
84	1.125500
85	0.335700
86	0.610900
87	0.283400
88	0.159600
89	0.266900
90	1.297200
91	1.297200
92	1.297200
93	0.382500
94	0.300000
95	0.231200
96	0.316500
97	0.313700
98	0.313700
99	0.253200
100	0.101800
101	0.407300
102	1.297200
103	1.125500
104	0.266900
105	0.423800
106	0.982400
107	0.121100
108	0.833800
109	0.652200
110	1.297200
111	0.176100
112	0.550400
113	0.473300
114	0.206400
115	0.352200
116	1.297200
117	0.825600
118	1.297200
119	0.176100
120	0.454100
121	0.200900
122	0.258700
123	0.220100
124	0.068800
125	0.277900
126	0.258700
127	0.222900
128	0.385300
129	1.297200
130	0.129300
131	0.121100
132	0.921900
133	0.338500
134	0.214600
135	0.099100
136	0.200900
137	0.115600
138	0.308200
139	0.107300
140	0.123800
141	0.266900
142	0.374300
143	0.952100
144	0.112800
145	0.404500
146	1.224600
147	1.166800
148	0.352200
149	0.718200
150	0.330200
151	0.198100
152	0.222900
153	0.357700
154	0.093600
155	0.239400
156	0.082600
157	0.085300
158	0.357700
159	0.429300
160	0.688000
161	0.905400
162	0.327500
163	0.258700
164	0.443100
165	0.699000
166	0.261400
167	1.297200
168	1.133800
169	0.283400
170	0.231200
171	0.269700
172	0.231200
173	0.170600
174	0.154100
175	1.297200
176	0.253200
177	0.297200
178	0.140300
179	0.200900
180	0.145800
181	0.404500
182	0.220100
183	0.699000
184	0.721000
185	0.228400
186	0.528400
187	0.170600
188	0.688000
