1	0.098700
2	0.112400
3	0.057600
4	0.063100
5	0.290700
6	0.156300
7	0.285200
8	0.071300
9	0.071300
10	0.255100
11	0.183800
12	0.175500
13	0.883100
14	1.204000
15	0.208400
16	0.063100
17	0.159100
18	0.065800
19	0.096000
20	0.216700
21	0.049400
22	0.117900
23	0.386700
24	0.277000
25	0.087800
26	1.204000
27	1.138200
28	0.271500
29	1.204000
30	1.204000
31	0.085000
32	0.041100
33	0.183800
34	0.038400
35	0.087800
36	0.293500
37	0.060300
38	0.386700
39	0.499200
40	0.600600
41	0.817300
42	0.076800
43	0.573200
44	0.175500
45	0.148100
46	0.573200
47	0.032900
48	0.049400
49	0.246800
50	0.367500
51	0.436100
52	0.806300
53	0.331900
54	0.863900
55	0.134400
56	0.101500
57	0.296200
58	0.438800
59	0.049400
60	0.096000
61	0.205700
62	0.200200
63	0.356500
64	0.293500
65	0.257800
66	0.381200
67	0.647300
68	0.403200
69	1.017500
70	1.102500
71	0.246800
72	0.211200
73	0.134400
74	0.172800
75	0.170000
76	0.192000
77	0.216700
78	0.233100
79	1.204000
80	1.204000
81	0.309900
82	1.204000
83	0.329100
84	0.773400
85	0.266000
86	0.000000
87	1.204000
88	0.000000
89	0.161800
90	0.992800
91	0.661000
92	1.204000
93	0.345600
94	0.414100
95	0.364800
96	0.405900
97	0.411400
98	0.342800
99	0.485400
100	0.192000
101	0.438800
102	1.204000
103	1.201300
104	0.230400
105	0.469000
106	1.077900
107	0.156300
108	1.091600
109	0.735000
110	1.204000
111	0.205700
112	0.748700
113	0.685700
114	0.172800
115	0.449800
116	1.204000
117	0.787100
118	1.204000
119	0.192000
120	0.425100
121	0.222200
122	0.183800
123	0.246800
124	0.096000
125	0.279800
126	0.334600
127	0.219400
128	0.364800
129	1.204000
130	0.109700
131	0.134400
132	1.036700
133	0.414100
134	0.142600
135	0.101500
136	0.233100
137	0.096000
138	0.279800
139	0.096000
140	0.098700
141	0.233100
142	0.477200
143	0.820100
144	0.131600
145	0.425100
146	1.146400
147	1.077900
148	0.356500
149	0.844700
150	0.277000
151	0.137100
152	0.266000
153	0.444300
154	0.085000
155	0.208400
156	0.093300
157	0.112400
158	0.455300
159	0.452500
160	0.633600
161	0.896800
162	0.342800
163	0.222200
164	0.455300
165	0.721300
166	0.266000
167	1.204000
168	1.121700
169	0.279800
170	0.216700
171	0.260600
172	0.255100
173	0.241400
174	0.148100
175	1.204000
176	0.293500
177	0.290700
178	0.120700
179	0.112400
180	0.137100
181	0.411400
182	0.183800
183	0.729500
184	0.869400
185	0.271500
186	0.586900
187	0.211200
188	0.537600
