1	0.107900
2	0.121000
3	0.060500
4	0.057900
5	0.286800
6	0.168400
7	0.292000
8	0.039500
9	0.073700
10	0.236800
11	0.136800
12	0.163100
13	0.860300
14	1.271600
15	0.210500
16	0.065800
17	0.186800
18	0.076300
19	0.044700
20	0.210500
21	0.060500
22	0.071000
23	0.368300
24	0.276200
25	0.123600
26	1.271600
27	1.083900
28	0.328800
29	1.271600
30	1.271600
31	0.078900
32	0.042100
33	0.223600
34	0.050000
35	0.086800
36	0.268300
37	0.076300
38	0.276200
39	0.460400
40	0.578800
41	0.820800
42	0.076300
43	0.584000
44	0.176300
45	0.155200
46	0.552500
47	0.042100
48	0.047400
49	0.257800
50	0.373600
51	0.423600
52	0.728700
53	0.355200
54	0.773400
55	0.118400
56	0.134200
57	0.349900
58	0.449900
59	0.060500
60	0.076300
61	0.234100
62	0.160500
63	0.407800
64	0.131500
65	0.297300
66	0.307800
67	0.594600
68	0.413000
69	1.041800
70	1.244400
71	0.294600
72	0.186800
73	0.157800
74	0.178900
75	0.152600
76	0.176300
77	0.136800
78	0.210500
79	1.271600
80	1.271600
81	0.276200
82	1.271600
83	0.197300
84	0.839200
85	0.428800
86	0.523500
87	0.326200
88	0.115800
89	0.392000
90	1.271600
91	1.271600
92	0.889200
93	0.328800
94	0.326200
95	0.000000
96	1.271600
97	0.000000
98	0.392000
99	1.271600
100	0.210500
101	1.026000
102	1.271600
103	1.271600
104	0.447200
105	0.560400
106	1.271600
107	0.186800
108	1.083900
109	0.902400
110	1.271600
111	0.194700
112	0.623500
113	0.628800
114	0.163100
115	0.473500
116	1.271600
117	1.068100
118	1.271600
119	0.181500
120	0.410400
121	0.236800
122	0.265700
123	0.199900
124	0.102600
125	0.273600
126	0.392000
127	0.236800
128	0.376200
129	1.271600
130	0.131500
131	0.136800
132	0.970800
133	0.415700
134	0.181500
135	0.147300
136	0.223600
137	0.097300
138	0.255200
139	0.084200
140	0.078900
141	0.260400
142	0.365700
143	0.857600
144	0.097300
145	0.410400
146	0.991800
147	1.257500
148	0.444600
149	0.765600
150	0.292000
151	0.147300
152	0.249900
153	0.373600
154	0.068400
155	0.226200
156	0.063100
157	0.076300
158	0.397200
159	0.494600
160	0.749800
161	0.883900
162	0.452500
163	0.271000
164	0.394600
165	0.734000
166	0.231500
167	1.271600
168	1.178600
169	0.271000
170	0.255200
171	0.239400
172	0.294600
173	0.168400
174	0.123600
175	1.271600
176	0.213100
177	0.249900
178	0.142100
179	0.115800
180	0.155200
181	0.449900
182	0.231500
183	0.765600
184	0.770800
185	0.210500
186	0.502500
187	0.205200
188	0.639300
