1	0.139000
2	0.135800
3	0.075800
4	0.082100
5	0.271700
6	0.189600
7	0.347500
8	0.072700
9	0.110600
10	0.382300
11	0.176900
12	0.199000
13	0.988800
14	1.216300
15	0.202200
16	0.085300
17	0.252700
18	0.088500
19	0.085300
20	0.252700
21	0.063200
22	0.132700
23	0.442300
24	0.363300
25	0.120100
26	1.216300
27	1.216300
28	0.445500
29	1.216300
30	1.216300
31	0.079000
32	0.037900
33	0.278000
34	0.053700
35	0.085300
36	0.309600
37	0.079000
38	0.385400
39	0.543400
40	0.666600
41	0.837200
42	0.085300
43	0.691900
44	0.192700
45	0.170600
46	0.590800
47	0.072700
48	0.063200
49	0.284300
50	0.404400
51	0.486500
52	0.872000
53	0.442300
54	0.865600
55	0.148500
56	0.132700
57	0.420200
58	0.432800
59	0.079000
60	0.107400
61	0.246400
62	0.164300
63	0.473900
64	0.132700
65	0.344400
66	0.338000
67	0.590800
68	0.426500
69	1.127900
70	1.213200
71	0.284300
72	0.173800
73	0.249600
74	0.139000
75	0.255900
76	0.192700
77	0.208500
78	0.221100
79	1.216300
80	1.216300
81	0.227500
82	1.216300
83	0.243300
84	0.808800
85	0.227500
86	0.331700
87	0.230600
88	0.113700
89	0.243300
90	1.216300
91	1.216300
92	1.216300
93	0.398100
94	0.227500
95	0.233800
96	0.562300
97	0.707700
98	0.271700
99	0.287500
100	0.192700
101	0.552900
102	1.216300
103	0.000000
104	1.216300
105	0.000000
106	1.216300
107	0.161100
108	0.979400
109	0.540200
110	1.216300
111	0.274900
112	0.619200
113	0.612900
114	0.243300
115	0.508600
116	1.216300
117	1.020400
118	1.216300
119	0.186400
120	0.357000
121	0.268500
122	0.214800
123	0.243300
124	0.139000
125	0.369600
126	0.347500
127	0.281200
128	0.480200
129	1.216300
130	0.186400
131	0.139000
132	1.153100
133	0.473900
134	0.145300
135	0.129500
136	0.205400
137	0.088500
138	0.319100
139	0.142200
140	0.094800
141	0.325400
142	0.480200
143	1.058400
144	0.113700
145	0.385400
146	1.153100
147	1.048900
148	0.445500
149	0.736100
150	0.357000
151	0.173800
152	0.274900
153	0.448600
154	0.116900
155	0.259100
156	0.088500
157	0.129500
158	0.492800
159	0.458100
160	0.691900
161	0.950900
162	0.413900
163	0.278000
164	0.533900
165	0.878300
166	0.255900
167	1.216300
168	1.140500
169	0.278000
170	0.214800
171	0.312800
172	0.306400
173	0.259100
174	0.120100
175	1.216300
176	0.249600
177	0.344400
178	0.129500
179	0.186400
180	0.135800
181	0.423300
182	0.205400
183	0.878300
184	0.834000
185	0.240100
186	0.492800
187	0.255900
188	0.739300
