1	0.107700
2	0.101800
3	0.058200
4	0.078600
5	0.331700
6	0.192100
7	0.302600
8	0.052400
9	0.069800
10	0.337600
11	0.139700
12	0.145500
13	0.971900
14	1.209800
15	0.197900
16	0.061100
17	0.174600
18	0.087300
19	0.072700
20	0.218200
21	0.058200
22	0.128000
23	0.369600
24	0.293900
25	0.081500
26	1.209800
27	1.181400
28	0.384100
29	1.209800
30	1.209800
31	0.098900
32	0.052400
33	0.227000
34	0.055300
35	0.104800
36	0.261900
37	0.087300
38	0.363700
39	0.512200
40	0.625600
41	0.881700
42	0.087300
43	0.596500
44	0.160000
45	0.148400
46	0.503400
47	0.072700
48	0.043600
49	0.279400
50	0.334600
51	0.477200
52	0.736200
53	0.419000
54	0.774000
55	0.160000
56	0.148400
57	0.325900
58	0.401600
59	0.075700
60	0.096000
61	0.267700
62	0.206600
63	0.419000
64	0.125100
65	0.343400
66	0.308500
67	0.494700
68	0.346300
69	1.041800
70	1.018500
71	0.308500
72	0.168800
73	0.148400
74	0.128000
75	0.177500
76	0.203700
77	0.180400
78	0.195000
79	1.209800
80	1.209800
81	0.209500
82	1.207600
83	0.224100
84	0.806100
85	0.253200
86	0.331700
87	0.261900
88	0.104800
89	0.197900
90	1.209800
91	1.209800
92	1.068000
93	0.392800
94	0.401600
95	0.261900
96	0.389900
97	0.454000
98	0.305500
99	0.340500
100	0.209500
101	0.957400
102	1.065000
103	0.579100
104	0.000000
105	1.209800
106	0.000000
107	0.282300
108	1.209800
109	0.820600
110	1.209800
111	0.291000
112	1.209800
113	0.558700
114	0.259000
115	0.587800
116	1.209800
117	1.059200
118	1.209800
119	0.238600
120	0.451000
121	0.203700
122	0.218200
123	0.209500
124	0.101800
125	0.285200
126	0.308500
127	0.218200
128	0.424900
129	1.209800
130	0.128000
131	0.128000
132	1.001000
133	0.430700
134	0.163000
135	0.163000
136	0.241500
137	0.087300
138	0.264800
139	0.125100
140	0.087300
141	0.238600
142	0.468500
143	0.841000
144	0.096000
145	0.363700
146	1.209800
147	1.102900
148	0.421900
149	0.852600
150	0.323000
151	0.168800
152	0.203700
153	0.459800
154	0.075700
155	0.232800
156	0.084400
157	0.093100
158	0.369600
159	0.421900
160	0.680900
161	0.905000
162	0.404500
163	0.224100
164	0.451000
165	0.686800
166	0.270600
167	1.209800
168	1.024300
169	0.285200
170	0.235700
171	0.215300
172	0.264800
173	0.218200
174	0.116400
175	1.209800
176	0.250300
177	0.334600
178	0.136800
179	0.180400
180	0.142600
181	0.471400
182	0.203700
183	0.739100
184	0.794400
185	0.247300
186	0.587800
187	0.221200
188	0.608200
