1	0.100900
2	0.129800
3	0.080700
4	0.092300
5	0.259500
6	0.170100
7	0.314300
8	0.075000
9	0.054800
10	0.369100
11	0.155700
12	0.164400
13	0.986200
14	1.202500
15	0.210500
16	0.063400
17	0.161500
18	0.098000
19	0.089400
20	0.199000
21	0.072100
22	0.147100
23	0.415300
24	0.334500
25	0.089400
26	1.202500
27	1.078500
28	0.323000
29	1.202500
30	1.202500
31	0.077900
32	0.051900
33	0.210500
34	0.040400
35	0.075000
36	0.282600
37	0.072100
38	0.314300
39	0.435400
40	0.605600
41	0.870900
42	0.069200
43	0.550800
44	0.158600
45	0.161500
46	0.576700
47	0.057700
48	0.060600
49	0.305700
50	0.357600
51	0.409500
52	0.706500
53	0.360500
54	0.821900
55	0.164400
56	0.112500
57	0.297000
58	0.369100
59	0.080700
60	0.092300
61	0.233600
62	0.216300
63	0.429700
64	0.106700
65	0.337400
66	0.323000
67	0.498900
68	0.369100
69	1.006400
70	1.090000
71	0.279700
72	0.178800
73	0.147100
74	0.161500
75	0.158600
76	0.181700
77	0.135500
78	0.224900
79	1.202500
80	1.202500
81	0.167300
82	1.202500
83	0.181700
84	0.741100
85	0.236500
86	0.297000
87	0.253800
88	0.095200
89	0.170100
90	1.202500
91	1.202500
92	1.130400
93	0.337400
94	0.285500
95	0.219200
96	0.305700
97	0.366200
98	0.291300
99	0.291300
100	0.098000
101	0.383500
102	1.202500
103	1.133300
104	0.210500
105	0.484500
106	0.937200
107	0.164400
108	0.850700
109	0.671900
110	1.202500
111	0.224900
112	0.579600
113	0.536400
114	0.256600
115	0.761300
116	1.202500
117	1.202500
118	1.130400
119	0.000000
120	1.202500
121	0.000000
122	0.337400
123	0.242200
124	0.112500
125	0.599800
126	0.458500
127	0.311400
128	0.452700
129	1.202500
130	0.126900
131	0.141300
132	1.078500
133	0.475800
134	0.204700
135	0.118200
136	0.219200
137	0.118200
138	0.271100
139	0.095200
140	0.132600
141	0.325900
142	0.395100
143	0.732500
144	0.124000
145	0.415300
146	1.098700
147	1.202500
148	0.412400
149	0.862200
150	0.334500
151	0.187400
152	0.268200
153	0.392200
154	0.083600
155	0.224900
156	0.089400
157	0.098000
158	0.441200
159	0.478700
160	0.631500
161	0.888200
162	0.444100
163	0.222000
164	0.481600
165	0.767100
166	0.250900
167	1.202500
168	1.067000
169	0.297000
170	0.213400
171	0.216300
172	0.248000
173	0.187400
174	0.126900
175	1.202500
176	0.222000
177	0.314300
178	0.147100
179	0.155700
180	0.161500
181	0.409500
182	0.233600
183	0.732500
184	0.738200
185	0.265300
186	0.504600
187	0.236500
188	0.634400
