1	0.106800
2	0.125100
3	0.030500
4	0.067100
5	0.311300
6	0.164800
7	0.283800
8	0.054900
9	0.070200
10	0.314400
11	0.140400
12	0.183100
13	1.016300
14	1.218200
15	0.241100
16	0.088500
17	0.210600
18	0.094600
19	0.067100
20	0.222800
21	0.061000
22	0.109900
23	0.372400
24	0.262500
25	0.112900
26	1.218200
27	1.218200
28	0.399800
29	1.218200
30	1.218200
31	0.073200
32	0.036600
33	0.167900
34	0.051900
35	0.094600
36	0.314400
37	0.054900
38	0.390700
39	0.558500
40	0.677600
41	0.906500
42	0.094600
43	0.592100
44	0.183100
45	0.149600
46	0.586000
47	0.088500
48	0.064100
49	0.335700
50	0.351000
51	0.457800
52	0.857600
53	0.360100
54	0.949200
55	0.143400
56	0.146500
57	0.335700
58	0.488300
59	0.100700
60	0.100700
61	0.280800
62	0.198400
63	0.476100
64	0.094600
65	0.314400
66	0.335700
67	0.482200
68	0.296100
69	0.937000
70	1.117100
71	0.311300
72	0.137300
73	0.161800
74	0.170900
75	0.195300
76	0.201400
77	0.180100
78	0.158700
79	1.218200
80	1.218200
81	0.167900
82	1.218200
83	0.222800
84	0.772200
85	0.244200
86	0.305200
87	0.232000
88	0.073200
89	0.232000
90	1.218200
91	1.218200
92	1.168900
93	0.439500
94	0.253300
95	0.219700
96	0.293000
97	0.405900
98	0.228900
99	0.280800
100	0.106800
101	0.381500
102	1.218200
103	1.184200
104	0.265500
105	0.436400
106	1.074300
107	0.174000
108	0.897300
109	0.766100
110	1.218200
111	0.216700
112	0.695900
113	0.601300
114	0.219700
115	0.418100
116	1.218200
117	0.857600
118	1.218200
119	0.192300
120	0.448700
121	0.222800
122	0.241100
123	0.250300
124	0.088500
125	0.308300
126	0.555500
127	0.268600
128	0.747800
129	1.218200
130	0.274700
131	0.134300
132	0.000000
133	1.218200
134	0.000000
135	0.256400
136	0.314400
137	0.119000
138	0.299100
139	0.112900
140	0.106800
141	0.280800
142	0.531100
143	0.949200
144	0.125100
145	0.463900
146	1.218200
147	1.184200
148	0.482200
149	1.001100
150	0.393700
151	0.170900
152	0.262500
153	0.473100
154	0.061000
155	0.256400
156	0.100700
157	0.112900
158	0.500500
159	0.525000
160	0.775200
161	0.924800
162	0.442500
163	0.262500
164	0.509700
165	0.781300
166	0.286900
167	1.218200
168	1.138400
169	0.311300
170	0.262500
171	0.286900
172	0.344900
173	0.216700
174	0.134300
175	1.218200
176	0.256400
177	0.332700
178	0.134300
179	0.158700
180	0.167900
181	0.476100
182	0.204500
183	0.836300
184	0.799600
185	0.228900
186	0.582900
187	0.210600
188	0.668400
