1	0.097500
2	0.118600
3	0.044800
4	0.071200
5	0.260900
6	0.168700
7	0.305800
8	0.034300
9	0.092300
10	0.305800
11	0.129200
12	0.210900
13	0.883000
14	1.178200
15	0.242500
16	0.058000
17	0.181900
18	0.071200
19	0.079100
20	0.216100
21	0.052700
22	0.131800
23	0.400600
24	0.274100
25	0.102800
26	1.224700
27	0.933100
28	0.253000
29	1.224700
30	1.224700
31	0.065900
32	0.031600
33	0.181900
34	0.034300
35	0.071200
36	0.274100
37	0.092300
38	0.292600
39	0.405900
40	0.674800
41	0.809200
42	0.073800
43	0.458600
44	0.092300
45	0.142300
46	0.498200
47	0.044800
48	0.052700
49	0.203000
50	0.345300
51	0.347900
52	0.693200
53	0.313700
54	0.724800
55	0.176600
56	0.123900
57	0.398000
58	0.529800
59	0.065900
60	0.110700
61	0.224000
62	0.184500
63	0.495500
64	0.073800
65	0.292600
66	0.287300
67	0.424400
68	0.242500
69	0.835600
70	1.143900
71	0.221400
72	0.168700
73	0.181900
74	0.089600
75	0.168700
76	0.163400
77	0.181900
78	0.221400
79	1.224700
80	1.224700
81	0.168700
82	1.215100
83	0.181900
84	0.777600
85	0.155500
86	0.332100
87	0.176600
88	0.058000
89	0.171300
90	1.224700
91	1.224700
92	1.201900
93	0.334700
94	0.282000
95	0.242500
96	0.282000
97	0.326800
98	0.234600
99	0.268900
100	0.079100
101	0.387500
102	1.175600
103	1.224700
104	0.181900
105	0.366400
106	0.883000
107	0.155500
108	0.935700
109	0.608900
110	1.224700
111	0.184500
112	0.672100
113	0.687900
114	0.171300
115	0.424400
116	1.224700
117	0.745900
118	1.224700
119	0.266200
120	0.429600
121	0.158100
122	0.305800
123	0.216100
124	0.092300
125	0.371700
126	0.648400
127	0.340000
128	0.482400
129	1.224700
130	0.379600
131	0.155500
132	0.732800
133	0.000000
134	1.224700
135	0.000000
136	0.595700
137	0.131800
138	0.400600
139	0.079100
140	0.105400
141	0.195100
142	0.361100
143	0.593100
144	0.084300
145	0.419100
146	1.196700
147	1.117600
148	0.548300
149	1.086000
150	0.266200
151	0.137100
152	0.411200
153	0.437500
154	0.065900
155	0.255700
156	0.084300
157	0.084300
158	0.347900
159	0.550900
160	0.579900
161	0.935700
162	0.384800
163	0.274100
164	0.361100
165	0.714300
166	0.282000
167	1.224700
168	0.935700
169	0.305800
170	0.189800
171	0.224000
172	0.279400
173	0.171300
174	0.105400
175	1.224700
176	0.195100
177	0.279400
178	0.118600
179	0.129200
180	0.158100
181	0.400600
182	0.150200
183	0.719600
184	0.756500
185	0.197700
186	0.495500
187	0.210900
188	0.608900
