1	0.111700
2	0.091400
3	0.060900
4	0.048200
5	0.309700
6	0.152300
7	0.256400
8	0.053300
9	0.063500
10	0.281800
11	0.200600
12	0.175200
13	0.812400
14	1.239600
15	0.200600
16	0.048200
17	0.147300
18	0.076200
19	0.081200
20	0.152300
21	0.050800
22	0.114200
23	0.309700
24	0.269100
25	0.081200
26	1.239600
27	1.046000
28	0.266600
29	1.239600
30	1.239600
31	0.043200
32	0.027900
33	0.167600
34	0.038100
35	0.076200
36	0.261500
37	0.071100
38	0.246300
39	0.434100
40	0.578900
41	0.842900
42	0.093900
43	0.446800
44	0.180300
45	0.096500
46	0.464600
47	0.081200
48	0.040600
49	0.200600
50	0.325000
51	0.393500
52	0.665200
53	0.350400
54	0.964800
55	0.165000
56	0.134600
57	0.342700
58	0.500100
59	0.063500
60	0.116800
61	0.251300
62	0.137100
63	0.330000
64	0.104100
65	0.269100
66	0.276700
67	0.479800
68	0.352900
69	0.926700
70	1.185600
71	0.195500
72	0.116800
73	0.185300
74	0.091400
75	0.198000
76	0.180300
77	0.134600
78	0.157400
79	1.239600
80	1.239600
81	0.147300
82	1.239600
83	0.228500
84	0.931800
85	0.157400
86	0.271700
87	0.220900
88	0.058400
89	0.220900
90	1.239600
91	1.239600
92	1.239600
93	0.309700
94	0.279300
95	0.261500
96	0.266600
97	0.289400
98	0.309700
99	0.363100
100	0.066000
101	0.418900
102	1.239600
103	1.239600
104	0.195500
105	0.408800
106	1.071400
107	0.157400
108	0.906400
109	0.728600
110	1.239600
111	0.210700
112	0.848000
113	1.000300
114	0.228500
115	0.385900
116	1.239600
117	0.914000
118	1.160200
119	0.190400
120	0.345300
121	0.281800
122	0.276700
123	0.487500
124	0.086300
125	0.289400
126	0.457000
127	0.393500
128	0.484900
129	1.239600
130	0.144700
131	0.121900
132	0.980000
133	0.530600
134	0.454500
135	0.000000
136	1.239600
137	0.000000
138	1.239600
139	0.101600
140	0.071100
141	0.289400
142	0.583900
143	0.914000
144	0.195500
145	0.550900
146	1.058700
147	1.239600
148	0.863200
149	1.239600
150	0.413800
151	0.137100
152	0.543300
153	0.446800
154	0.086300
155	0.195500
156	0.104100
157	0.096500
158	0.474800
159	0.530600
160	0.792100
161	1.005400
162	0.279300
163	0.236100
164	0.490000
165	0.853000
166	0.266600
167	1.239600
168	1.218600
169	0.228500
170	0.195500
171	0.215800
172	0.259000
173	0.154900
174	0.154900
175	1.239600
176	0.228500
177	0.238600
178	0.147300
179	0.185300
180	0.200600
181	0.393500
182	0.205600
183	0.812400
184	0.698200
185	0.220900
186	0.543300
187	0.185300
188	0.601700
