1	0.137100
2	0.115300
3	0.068600
4	0.087300
5	0.286800
6	0.168300
7	0.283600
8	0.068600
9	0.087300
10	0.321000
11	0.183900
12	0.168300
13	0.956900
14	1.223000
15	0.205700
16	0.084200
17	0.187000
18	0.087300
19	0.084200
20	0.187000
21	0.056100
22	0.130900
23	0.414600
24	0.317900
25	0.118400
26	1.223000
27	1.131500
28	0.380300
29	1.223000
30	1.223000
31	0.096600
32	0.043600
33	0.177700
34	0.068600
35	0.096600
36	0.277400
37	0.106000
38	0.386500
39	0.489400
40	0.595300
41	0.816600
42	0.087300
43	0.648300
44	0.205700
45	0.124700
46	0.576600
47	0.087300
48	0.062300
49	0.283600
50	0.352200
51	0.414600
52	0.863400
53	0.405200
54	0.841600
55	0.140300
56	0.143400
57	0.367800
58	0.395900
59	0.071700
60	0.102900
61	0.280500
62	0.205700
63	0.508100
64	0.124700
65	0.342900
66	0.289900
67	0.511200
68	0.349100
69	0.947600
70	1.200000
71	0.268100
72	0.168300
73	0.187000
74	0.143400
75	0.199500
76	0.227500
77	0.187000
78	0.218200
79	1.223000
80	1.223000
81	0.193300
82	1.168900
83	0.174600
84	0.885200
85	0.258700
86	0.286800
87	0.277400
88	0.068600
89	0.159000
90	1.223000
91	1.223000
92	1.168900
93	0.386500
94	0.264900
95	0.258700
96	0.336600
97	0.389600
98	0.230700
99	0.240000
100	0.090400
101	0.339800
102	1.223000
103	1.137700
104	0.249400
105	0.430100
106	0.972500
107	0.187000
108	1.003700
109	0.804200
110	1.223000
111	0.249400
112	0.604700
113	0.595300
114	0.215100
115	0.430100
116	1.223000
117	0.782400
118	1.223000
119	0.196400
120	0.458200
121	0.190100
122	0.246200
123	0.230700
124	0.106000
125	0.339800
126	0.271200
127	0.218200
128	0.470700
129	1.223000
130	0.152700
131	0.149600
132	1.134600
133	0.539200
134	0.221300
135	0.199500
136	0.380300
137	0.165200
138	0.495600
139	0.124700
140	0.109100
141	0.324200
142	0.380300
143	0.614000
144	0.000000
145	1.223000
146	0.000000
147	1.223000
148	0.757400
149	1.223000
150	0.567300
151	0.230700
152	0.255600
153	0.773000
154	0.087300
155	0.289900
156	0.087300
157	0.077900
158	0.486200
159	0.439500
160	0.679500
161	0.850900
162	0.442600
163	0.274300
164	0.529900
165	0.776100
166	0.311700
167	1.223000
168	1.097200
169	0.314800
170	0.193300
171	0.230700
172	0.305500
173	0.212000
174	0.130900
175	1.223000
176	0.255600
177	0.314800
178	0.152700
179	0.190100
180	0.199500
181	0.445700
182	0.243100
183	0.760500
184	0.822900
185	0.212000
186	0.529900
187	0.246200
188	0.729400
