1	0.090600
2	0.109300
3	0.040000
4	0.077300
5	0.242500
6	0.111900
7	0.261200
8	0.056000
9	0.087900
10	0.311800
11	0.138600
12	0.154600
13	0.826200
14	1.241900
15	0.207900
16	0.080000
17	0.199900
18	0.050600
19	0.056000
20	0.186600
21	0.064000
22	0.077300
23	0.287800
24	0.261200
25	0.111900
26	1.274600
27	0.962100
28	0.295800
29	1.274600
30	1.274600
31	0.095900
32	0.037300
33	0.175900
34	0.037300
35	0.080000
36	0.261200
37	0.056000
38	0.325100
39	0.442400
40	0.618300
41	0.802200
42	0.090600
43	0.562300
44	0.162600
45	0.135900
46	0.458400
47	0.061300
48	0.061300
49	0.319800
50	0.290500
51	0.386400
52	0.684900
53	0.333100
54	0.722200
55	0.138600
56	0.103900
57	0.311800
58	0.410400
59	0.066600
60	0.074600
61	0.234500
62	0.191900
63	0.362500
64	0.106600
65	0.279800
66	0.290500
67	0.477100
68	0.301200
69	0.858200
70	1.060700
71	0.250500
72	0.181200
73	0.135900
74	0.111900
75	0.138600
76	0.175900
77	0.157200
78	0.186600
79	1.274600
80	1.274600
81	0.141200
82	1.079400
83	0.242500
84	0.762200
85	0.221200
86	0.237200
87	0.186600
88	0.050600
89	0.146600
90	1.274600
91	1.274600
92	1.116700
93	0.298500
94	0.218500
95	0.210500
96	0.247900
97	0.335800
98	0.237200
99	0.282500
100	0.103900
101	0.357100
102	1.196600
103	1.159300
104	0.239900
105	0.394400
106	0.898100
107	0.157200
108	0.847500
109	0.855500
110	1.274600
111	0.197200
112	0.732900
113	1.052700
114	0.178600
115	0.405100
116	1.274600
117	0.834200
118	1.274600
119	0.173200
120	0.381100
121	0.194600
122	0.170600
123	0.207900
124	0.090600
125	0.231900
126	0.285200
127	0.213200
128	0.485000
129	1.274600
130	0.125300
131	0.093300
132	0.988700
133	0.474400
134	0.143900
135	0.114600
136	0.295800
137	0.101300
138	0.373100
139	0.087900
140	0.093300
141	0.255800
142	0.285200
143	0.762200
144	0.133300
145	0.586300
146	0.426400
147	0.970100
148	0.716900
149	0.000000
150	1.274600
151	0.000000
152	0.754200
153	0.863500
154	0.074600
155	0.181200
156	0.101300
157	0.119900
158	0.461100
159	0.501000
160	0.679600
161	0.919500
162	0.389100
163	0.295800
164	0.439700
165	0.796900
166	0.239900
167	1.274600
168	1.087400
169	0.293200
170	0.205200
171	0.242500
172	0.282500
173	0.165200
174	0.103900
175	1.274600
176	0.218500
177	0.271800
178	0.103900
179	0.127900
180	0.189200
181	0.370400
182	0.162600
183	0.708900
184	0.842200
185	0.242500
186	0.474400
187	0.210500
188	0.613000
