1	0.117000
2	0.096000
3	0.060000
4	0.078000
5	0.291000
6	0.141000
7	0.255000
8	0.054000
9	0.087000
10	0.372000
11	0.150000
12	0.186000
13	0.990100
14	1.189600
15	0.222000
16	0.078000
17	0.174000
18	0.072000
19	0.072000
20	0.198000
21	0.063000
22	0.144000
23	0.423000
24	0.297000
25	0.147000
26	1.189600
27	1.146100
28	0.360000
29	1.189600
30	1.189600
31	0.096000
32	0.039000
33	0.222000
34	0.063000
35	0.084000
36	0.303000
37	0.072000
38	0.357000
39	0.528100
40	0.645100
41	0.891100
42	0.093000
43	0.549100
44	0.183000
45	0.162000
46	0.516100
47	0.069000
48	0.060000
49	0.312000
50	0.402000
51	0.432100
52	0.906100
53	0.426100
54	0.897100
55	0.171000
56	0.138000
57	0.318000
58	0.459100
59	0.066000
60	0.099000
61	0.282000
62	0.201000
63	0.381000
64	0.120000
65	0.336000
66	0.303000
67	0.537100
68	0.336000
69	1.011100
70	1.185100
71	0.243000
72	0.180000
73	0.165000
74	0.141000
75	0.162000
76	0.171000
77	0.159000
78	0.162000
79	1.189600
80	1.189600
81	0.159000
82	1.189600
83	0.252000
84	0.843100
85	0.234000
86	0.303000
87	0.207000
88	0.093000
89	0.165000
90	1.189600
91	1.189600
92	1.146100
93	0.372000
94	0.300000
95	0.228000
96	0.342000
97	0.405000
98	0.222000
99	0.270000
100	0.093000
101	0.354000
102	1.189600
103	1.122100
104	0.249000
105	0.441100
106	1.189600
107	0.183000
108	0.897100
109	0.645100
110	1.189600
111	0.249000
112	0.666100
113	0.672100
114	0.213000
115	0.417000
116	1.189600
117	0.888100
118	1.189600
119	0.165000
120	0.450100
121	0.198000
122	0.246000
123	0.237000
124	0.087000
125	0.285000
126	0.441100
127	0.336000
128	0.447100
129	1.189600
130	0.165000
131	0.117000
132	1.122100
133	0.477100
134	0.186000
135	0.120000
136	0.177000
137	0.087000
138	0.270000
139	0.102000
140	0.072000
141	0.267000
142	0.462100
143	1.056100
144	0.123000
145	0.411000
146	1.026100
147	1.189600
148	0.486100
149	0.852100
150	0.348000
151	0.180000
152	0.234000
153	0.420000
154	0.081000
155	0.240000
156	0.126000
157	0.108000
158	1.189600
159	0.324000
160	0.282000
161	0.000000
162	1.189600
163	0.000000
164	1.189600
165	1.189600
166	0.504100
167	1.189600
168	0.828100
169	0.282000
170	0.165000
171	0.282000
172	0.312000
173	0.231000
174	0.129000
175	1.189600
176	0.297000
177	0.321000
178	0.147000
179	0.162000
180	0.159000
181	0.420000
182	0.186000
183	0.972100
184	0.891100
185	0.267000
186	0.672100
187	0.228000
188	0.741100
