1	0.116100
2	0.107800
3	0.044200
4	0.063600
5	0.237700
6	0.157500
7	0.243200
8	0.077400
9	0.069100
10	0.281900
11	0.149200
12	0.160300
13	0.928600
14	1.218800
15	0.223900
16	0.069100
17	0.187900
18	0.091200
19	0.066300
20	0.171300
21	0.091200
22	0.152000
23	0.367600
24	0.320600
25	0.105000
26	1.273700
27	1.083400
28	0.320600
29	1.273700
30	1.273700
31	0.049700
32	0.049700
33	0.176900
34	0.082900
35	0.121600
36	0.234900
37	0.091200
38	0.367600
39	0.458800
40	0.621800
41	0.842900
42	0.124400
43	0.599700
44	0.201800
45	0.154800
46	0.508500
47	0.077400
48	0.052500
49	0.306800
50	0.370300
51	0.386900
52	0.751700
53	0.364800
54	0.807000
55	0.157500
56	0.116100
57	0.290200
58	0.425600
59	0.082900
60	0.102300
61	0.237700
62	0.154800
63	0.406300
64	0.077400
65	0.246000
66	0.221100
67	0.572100
68	0.331600
69	0.865000
70	0.906500
71	0.251500
72	0.154800
73	0.149200
74	0.143700
75	0.171300
76	0.223900
77	0.204500
78	0.193500
79	1.273700
80	1.273700
81	0.232200
82	1.091700
83	0.190700
84	0.652200
85	0.232200
86	0.276400
87	0.237700
88	0.063600
89	0.187900
90	1.180100
91	1.273700
92	1.017000
93	0.312300
94	0.254300
95	0.218300
96	0.259800
97	0.345500
98	0.193500
99	0.320600
100	0.099500
101	0.453200
102	1.273700
103	0.914800
104	0.229400
105	0.433900
106	0.939700
107	0.182400
108	1.000500
109	0.784900
110	1.273700
111	0.160300
112	0.724100
113	0.635700
114	0.223900
115	0.458800
116	1.273700
117	0.823600
118	1.273700
119	0.210000
120	0.373100
121	0.210000
122	0.273600
123	0.210000
124	0.110500
125	0.320600
126	0.356500
127	0.240400
128	0.461500
129	1.273700
130	0.154800
131	0.082900
132	1.061300
133	0.456000
134	0.201800
135	0.157500
136	0.251500
137	0.094000
138	0.312300
139	0.107800
140	0.082900
141	0.298500
142	0.469800
143	0.876100
144	0.094000
145	0.428400
146	1.077800
147	1.166300
148	0.461500
149	0.914800
150	0.317800
151	0.237700
152	0.364800
153	0.442200
154	0.094000
155	0.281900
156	0.168600
157	0.107800
158	0.469800
159	0.525100
160	0.657800
161	0.831900
162	0.743400
163	0.577600
164	0.544400
165	0.000000
166	1.273700
167	0.000000
168	0.892700
169	0.657800
170	0.309500
171	0.351000
172	0.342700
173	0.287400
174	0.138200
175	1.273700
176	0.254300
177	0.414600
178	0.187900
179	0.199000
180	0.171300
181	0.527900
182	0.218300
183	0.685400
184	0.865000
185	0.348200
186	0.635700
187	0.237700
188	0.660500
