1	0.115100
2	0.143100
3	0.046700
4	0.087100
5	0.279900
6	0.174200
7	0.335900
8	0.074600
9	0.090200
10	0.323500
11	0.146200
12	0.202200
13	1.085400
14	1.208700
15	0.258100
16	0.102600
17	0.192800
18	0.093300
19	0.077800
20	0.186600
21	0.052900
22	0.115100
23	0.441600
24	0.345200
25	0.118200
26	1.208700
27	1.175600
28	0.342100
29	1.208700
30	1.208700
31	0.077800
32	0.049800
33	0.161700
34	0.052900
35	0.096400
36	0.320300
37	0.074600
38	0.391900
39	0.559800
40	0.522500
41	0.936200
42	0.112000
43	0.578500
44	0.171100
45	0.158600
46	0.556700
47	0.071500
48	0.062200
49	0.311000
50	0.363900
51	0.429200
52	0.883300
53	0.413600
54	0.824200
55	0.146200
56	0.121300
57	0.301700
58	0.423000
59	0.087100
60	0.108900
61	0.248800
62	0.217700
63	0.426100
64	0.118200
65	0.357700
66	0.363900
67	0.572300
68	0.329700
69	1.054300
70	1.208700
71	0.264400
72	0.164800
73	0.192800
74	0.133700
75	0.171100
76	0.248800
77	0.136800
78	0.164800
79	1.208700
80	1.208700
81	0.177300
82	1.208700
83	0.174200
84	0.839700
85	0.239500
86	0.317200
87	0.220800
88	0.102600
89	0.143100
90	1.208700
91	1.208700
92	1.150800
93	0.376300
94	0.289200
95	0.208400
96	0.317200
97	0.385700
98	0.276800
99	0.292400
100	0.096400
101	0.376300
102	1.208700
103	1.208700
104	0.264400
105	0.413600
106	1.026300
107	0.195900
108	1.020100
109	0.721600
110	1.208700
111	0.177300
112	0.681100
113	0.594000
114	0.211500
115	0.451000
116	1.208700
117	0.883300
118	1.208700
119	0.211500
120	0.357700
121	0.264400
122	0.217700
123	0.189700
124	0.102600
125	0.326600
126	0.410500
127	0.220800
128	0.503800
129	1.208700
130	0.121300
131	0.136800
132	1.208700
133	0.528700
134	0.192800
135	0.152400
136	0.236400
137	0.152400
138	0.311000
139	0.090200
140	0.068400
141	0.267500
142	0.438500
143	0.933000
144	0.143100
145	0.404300
146	1.208700
147	1.208700
148	0.463400
149	0.942400
150	0.357700
151	0.192800
152	0.279900
153	0.451000
154	0.102600
155	0.304800
156	0.090200
157	0.077800
158	0.550500
159	0.519400
160	0.749500
161	0.998400
162	0.444700
163	0.248800
164	0.575400
165	0.790000
166	0.329700
167	1.208700
168	0.995200
169	0.964100
170	0.463400
171	0.000000
172	1.208700
173	0.000000
174	0.239500
175	1.208700
176	0.326600
177	0.379400
178	0.164800
179	0.233300
180	0.236400
181	0.541200
182	0.339000
183	1.017000
184	1.094800
185	0.367000
186	0.637600
187	0.348300
188	0.793100
