1	0.118900
2	0.113300
3	0.049800
4	0.052500
5	0.237700
6	0.168600
7	0.273600
8	0.033200
9	0.060800
10	0.287500
11	0.132700
12	0.102300
13	0.903900
14	1.252500
15	0.223900
16	0.080200
17	0.221100
18	0.096700
19	0.077400
20	0.188000
21	0.080200
22	0.113300
23	0.373200
24	0.273600
25	0.102300
26	1.252500
27	1.144300
28	0.340000
29	1.252500
30	1.252500
31	0.102300
32	0.027600
33	0.182400
34	0.063600
35	0.099500
36	0.331700
37	0.049800
38	0.323400
39	0.583200
40	0.594300
41	0.865200
42	0.129900
43	0.655100
44	0.168600
45	0.201800
46	0.539000
47	0.058000
48	0.047000
49	0.221100
50	0.342800
51	0.492000
52	0.762900
53	0.348300
54	0.721400
55	0.157600
56	0.138200
57	0.254300
58	0.362100
59	0.060800
60	0.091200
61	0.223900
62	0.121600
63	0.362100
64	0.149300
65	0.334500
66	0.259800
67	0.481000
68	0.317900
69	0.876200
70	1.022700
71	0.273600
72	0.141000
73	0.171400
74	0.118900
75	0.174100
76	0.188000
77	0.174100
78	0.152000
79	1.252500
80	1.252500
81	0.110600
82	1.055900
83	0.218400
84	0.710400
85	0.221100
86	0.251500
87	0.259800
88	0.091200
89	0.182400
90	1.113900
91	1.252500
92	1.083500
93	0.351000
94	0.251500
95	0.229400
96	0.223900
97	0.359300
98	0.229400
99	0.254300
100	0.091200
101	0.334500
102	1.252500
103	1.011700
104	0.279200
105	0.422900
106	0.984000
107	0.168600
108	0.934300
109	0.754600
110	1.252500
111	0.237700
112	0.638500
113	0.572200
114	0.268100
115	0.422900
116	1.252500
117	0.956400
118	1.252500
119	0.190700
120	0.340000
121	0.218400
122	0.218400
123	0.229400
124	0.107800
125	0.290200
126	0.334500
127	0.210100
128	0.489300
129	1.252500
130	0.157600
131	0.113300
132	1.050400
133	0.414600
134	0.149300
135	0.113300
136	0.174100
137	0.113300
138	0.237700
139	0.132700
140	0.091200
141	0.207300
142	0.469900
143	0.859600
144	0.152000
145	0.348300
146	1.196900
147	1.031000
148	0.434000
149	0.845800
150	0.262600
151	0.127100
152	0.312300
153	0.400800
154	0.069100
155	0.223900
156	0.118900
157	0.113300
158	0.469900
159	0.541800
160	0.591500
161	0.909400
162	0.411900
163	0.182400
164	0.450600
165	0.790500
166	0.348300
167	1.252500
168	0.970200
169	0.359300
170	0.279200
171	0.174100
172	0.000000
173	1.252500
174	0.000000
175	1.252500
176	0.624700
177	0.317900
178	0.157600
179	0.138200
180	0.270900
181	0.591500
182	0.298500
183	0.760100
184	0.890000
185	0.293000
186	0.660600
187	0.240500
188	0.801600
