1	0.136200
2	0.086900
3	0.060800
4	0.089800
5	0.220200
6	0.150700
7	0.341900
8	0.084000
9	0.075300
10	0.330300
11	0.150700
12	0.194100
13	1.031500
14	1.170600
15	0.246300
16	0.058000
17	0.168100
18	0.118800
19	0.063700
20	0.185400
21	0.046400
22	0.121700
23	0.353500
24	0.330300
25	0.124600
26	1.170600
27	1.127200
28	0.394100
29	1.170600
30	1.170600
31	0.052200
32	0.063700
33	0.243400
34	0.072400
35	0.110100
36	0.286900
37	0.075300
38	0.353500
39	0.507100
40	0.527400
41	0.791000
42	0.078200
43	0.559200
44	0.194100
45	0.156500
46	0.507100
47	0.060800
48	0.060800
49	0.255000
50	0.417200
51	0.397000
52	0.689600
53	0.405700
54	0.744700
55	0.139100
56	0.124600
57	0.379600
58	0.368000
59	0.063700
60	0.101400
61	0.257900
62	0.188300
63	0.370900
64	0.136200
65	0.336100
66	0.292700
67	0.527400
68	0.226000
69	0.912700
70	1.014100
71	0.237600
72	0.150700
73	0.185400
74	0.139100
75	0.205700
76	0.197000
77	0.139100
78	0.194100
79	1.170600
80	1.170600
81	0.159400
82	1.170600
83	0.220200
84	0.678000
85	0.199900
86	0.275300
87	0.197000
88	0.078200
89	0.156500
90	1.170600
91	1.170600
92	0.959100
93	0.385400
94	0.199900
95	0.208600
96	0.310000
97	0.318700
98	0.243400
99	0.275300
100	0.121700
101	0.359300
102	1.170600
103	1.060500
104	0.220200
105	0.394100
106	0.921400
107	0.173900
108	0.872200
109	0.695400
110	1.170600
111	0.182500
112	0.649100
113	0.518700
114	0.211500
115	0.431700
116	1.170600
117	0.909800
118	1.170600
119	0.173900
120	0.417200
121	0.223100
122	0.226000
123	0.255000
124	0.078200
125	0.292700
126	0.333200
127	0.263700
128	0.405700
129	1.170600
130	0.098500
131	0.176800
132	1.109800
133	0.385400
134	0.127500
135	0.136200
136	0.231800
137	0.069500
138	0.292700
139	0.089800
140	0.133300
141	0.173900
142	0.402800
143	0.849000
144	0.095600
145	0.397000
146	1.161900
147	1.034400
148	0.454900
149	0.802600
150	0.255000
151	0.133300
152	0.263700
153	0.368000
154	0.084000
155	0.205700
156	0.078200
157	0.107200
158	0.472300
159	0.570800
160	0.866400
161	1.170600
162	0.330300
163	0.243400
164	0.469400
165	0.718600
166	0.260800
167	1.170600
168	1.159000
169	0.272400
170	0.286900
171	0.286900
172	0.420100
173	0.295600
174	0.197000
175	1.170600
176	0.356400
177	0.605600
178	0.208600
179	0.286900
180	0.950400
181	0.000000
182	1.170600
183	0.000000
184	1.170600
185	0.257900
186	0.788100
187	0.527400
188	1.060500
