1	1.281500
2	0.000000
3	0.147000
4	0.083600
5	1.020000
6	0.175800
7	0.645400
8	0.077800
9	0.054700
10	0.368800
11	0.221900
12	0.161400
13	1.020000
14	1.281500
15	0.170000
16	0.069200
17	0.216100
18	0.123900
19	0.069200
20	0.262200
21	0.046100
22	0.161400
23	0.354400
24	0.253600
25	0.138300
26	1.281500
27	1.129500
28	0.268000
29	1.281500
30	1.281500
31	0.069200
32	0.023100
33	0.221900
34	0.023100
35	0.092200
36	0.377500
37	0.083600
38	0.331400
39	0.469700
40	0.746300
41	0.815400
42	0.092200
43	0.729000
44	0.216100
45	0.216100
46	0.446600
47	0.069200
48	0.046100
49	0.268000
50	0.383200
51	0.368800
52	0.613700
53	0.331400
54	0.775100
55	0.138300
56	0.175800
57	0.354400
58	0.391900
59	0.054700
60	0.100800
61	0.152700
62	0.221900
63	0.360200
64	0.152700
65	0.299700
66	0.291000
67	0.475400
68	0.314100
69	0.959500
70	1.051700
71	0.262200
72	0.129700
73	0.152700
74	0.175800
75	0.161400
76	0.184400
77	0.221900
78	0.129700
79	1.281500
80	1.281500
81	0.175800
82	1.158300
83	0.276600
84	0.608000
85	0.184400
86	0.253600
87	0.216100
88	0.054700
89	0.147000
90	1.181400
91	1.281500
92	1.120900
93	0.314100
94	0.299700
95	0.244900
96	0.291000
97	0.345800
98	0.129700
99	0.175800
100	0.092200
101	0.331400
102	1.152600
103	0.973900
104	0.299700
105	0.423600
106	0.913400
107	0.216100
108	0.852900
109	0.700200
110	1.281500
111	0.161400
112	0.659800
113	0.561900
114	0.138300
115	0.484100
116	1.281500
117	0.844200
118	1.281500
119	0.170000
120	0.368800
121	0.184400
122	0.207500
123	0.152700
124	0.077800
125	0.230500
126	0.423600
127	0.207500
128	0.429300
129	1.281500
130	0.184400
131	0.129700
132	1.051700
133	0.406300
134	0.170000
135	0.115300
136	0.253600
137	0.106600
138	0.337100
139	0.106600
140	0.115300
141	0.161400
142	0.400500
143	0.875900
144	0.092200
145	0.452400
146	1.281500
147	0.904800
148	0.383200
149	0.691500
150	0.291000
151	0.077800
152	0.221900
153	0.345800
154	0.069200
155	0.198800
156	0.092200
157	0.069200
158	0.400500
159	0.414900
160	0.636800
161	0.884600
162	0.423600
163	0.253600
164	0.515800
165	0.752000
166	0.285300
167	1.281500
168	0.904800
169	0.268000
170	0.221900
171	0.198800
172	0.291000
173	0.239200
174	0.138300
175	1.281500
176	0.239200
177	0.354400
178	0.198800
179	0.175800
180	0.092200
181	0.368800
182	0.276600
183	0.729000
184	0.838500
185	0.175800
186	0.538800
187	0.221900
188	0.700200
