1	0.000000
2	1.167700
3	0.000000
4	0.110000
5	0.375900
6	0.213900
7	0.421700
8	0.110000
9	0.125300
10	0.443100
11	0.183400
12	0.171100
13	1.026800
14	1.167700
15	0.317800
16	0.103900
17	0.265900
18	0.134500
19	0.125300
20	0.281100
21	0.125300
22	0.207800
23	0.516400
24	0.452300
25	0.094700
26	1.167700
27	1.167700
28	0.369800
29	1.167700
30	1.167700
31	0.094700
32	0.030600
33	0.244500
34	0.045800
35	0.146700
36	0.317800
37	0.030600
38	0.311700
39	0.540900
40	0.687600
41	0.974800
42	0.110000
43	0.495100
44	0.155900
45	0.162000
46	0.427800
47	0.082500
48	0.103900
49	0.406400
50	0.400300
51	0.488900
52	0.657000
53	0.400300
54	0.922900
55	0.088600
56	0.162000
57	0.333100
58	0.375900
59	0.119200
60	0.082500
61	0.296400
62	0.229200
63	0.516400
64	0.140600
65	0.391200
66	0.162000
67	0.406400
68	0.391200
69	0.870900
70	1.124600
71	0.296400
72	0.140600
73	0.146700
74	0.244500
75	0.192500
76	0.244500
77	0.192500
78	0.207800
79	1.167700
80	1.167700
81	0.223100
82	1.167700
83	0.235300
84	0.718100
85	0.192500
86	0.272000
87	0.235300
88	0.110000
89	0.192500
90	1.152100
91	1.167700
92	1.167700
93	0.479800
94	0.235300
95	0.119200
96	0.317800
97	0.354500
98	0.250600
99	0.272000
100	0.073300
101	0.259800
102	1.167700
103	1.057300
104	0.281100
105	0.385000
106	1.011500
107	0.134500
108	0.984000
109	0.770100
110	1.167700
111	0.223100
112	0.568400
113	0.614200
114	0.183400
115	0.510300
116	1.167700
117	1.057300
118	1.167700
119	0.229200
120	0.458400
121	0.183400
122	0.265900
123	0.250600
124	0.183400
125	0.281100
126	0.348400
127	0.323900
128	0.501200
129	1.167700
130	0.140600
131	0.094700
132	1.005400
133	0.464500
134	0.198600
135	0.146700
136	0.198600
137	0.110000
138	0.311700
139	0.155900
140	0.094700
141	0.311700
142	0.458400
143	0.870900
144	0.094700
145	0.369800
146	1.167700
147	1.057300
148	0.488900
149	0.959600
150	0.333100
151	0.155900
152	0.213900
153	0.568400
154	0.119200
155	0.192500
156	0.067200
157	0.119200
158	0.510300
159	0.501200
160	0.702900
161	0.886200
162	0.333100
163	0.155900
164	0.510300
165	0.702900
166	0.250600
167	1.167700
168	1.136800
169	0.348400
170	0.140600
171	0.183400
172	0.348400
173	0.223100
174	0.155900
175	1.167700
176	0.287300
177	0.311700
178	0.134500
179	0.171100
180	0.177200
181	0.464500
182	0.171100
183	0.782300
184	0.901500
185	0.235300
186	0.614200
187	0.272000
188	0.635600
