1	0.220100
2	0.150600
3	0.133200
4	0.364800
5	0.926600
6	0.000000
7	1.187600
8	0.000000
9	0.136100
10	0.981600
11	0.260600
12	0.312700
13	1.187600
14	1.187600
15	0.214300
16	0.060800
17	0.211400
18	0.089800
19	0.089800
20	0.188200
21	0.040500
22	0.179500
23	0.405400
24	0.306900
25	0.130300
26	1.187600
27	1.187600
28	0.367700
29	1.187600
30	1.187600
31	0.072400
32	0.029000
33	0.220100
34	0.037600
35	0.095600
36	0.333000
37	0.069500
38	0.361900
39	0.460400
40	0.631200
41	0.987400
42	0.075300
43	0.584900
44	0.136100
45	0.167900
46	0.544400
47	0.069500
48	0.052100
49	0.324300
50	0.364800
51	0.477800
52	0.735500
53	0.419900
54	0.946900
55	0.150600
56	0.107100
57	0.306900
58	0.373500
59	0.089800
60	0.101300
61	0.269300
62	0.208500
63	0.419900
64	0.110000
65	0.393800
66	0.301100
67	0.547300
68	0.344600
69	0.932400
70	1.022100
71	0.260600
72	0.136100
73	0.173700
74	0.165000
75	0.182400
76	0.179500
77	0.188200
78	0.179500
79	1.187600
80	1.187600
81	0.188200
82	1.187600
83	0.188200
84	0.747100
85	0.225900
86	0.295400
87	0.214300
88	0.072400
89	0.136100
90	1.123500
91	1.187600
92	1.062700
93	0.370600
94	0.289600
95	0.199800
96	0.272200
97	0.382200
98	0.217200
99	0.275100
100	0.107100
101	0.390900
102	1.187600
103	1.065600
104	0.257700
105	0.405400
106	1.004800
107	0.165000
108	0.938200
109	0.660200
110	1.187600
111	0.194000
112	0.570400
113	0.500900
114	0.167900
115	0.419900
116	1.187600
117	0.828100
118	1.187600
119	0.162200
120	0.390900
121	0.188200
122	0.156400
123	0.194000
124	0.066600
125	0.260600
126	0.361900
127	0.246100
128	0.417000
129	1.187600
130	0.107100
131	0.121600
132	1.085800
133	0.376400
134	0.182400
135	0.150600
136	0.199800
137	0.095600
138	0.295400
139	0.084000
140	0.066600
141	0.225900
142	0.376400
143	0.915000
144	0.089800
145	0.321400
146	1.187600
147	0.993200
148	0.373500
149	0.758600
150	0.283800
151	0.144800
152	0.246100
153	0.466200
154	0.095600
155	0.220100
156	0.133200
157	0.066600
158	0.466200
159	0.506700
160	0.694900
161	0.964200
162	0.312700
163	0.223000
164	0.408300
165	0.735500
166	0.202700
167	1.187600
168	1.062700
169	0.295400
170	0.188200
171	0.225900
172	0.289600
173	0.188200
174	0.156400
175	1.187600
176	0.266400
177	0.283800
178	0.101300
179	0.153500
180	0.141900
181	0.477800
182	0.237400
183	0.987400
184	0.912100
185	0.269300
186	0.535700
187	0.243200
188	0.660200
