1	0.124900
2	0.157600
3	0.056500
4	0.136800
5	0.621400
6	0.309200
7	0.981200
8	0.127800
9	0.000000
10	1.258800
11	0.000000
12	0.374600
13	1.258800
14	1.258800
15	0.246800
16	0.095100
17	0.249800
18	0.089200
19	0.086200
20	0.267600
21	0.095100
22	0.175400
23	0.362700
24	0.315200
25	0.148700
26	1.258800
27	1.061400
28	0.377600
29	1.258800
30	1.258800
31	0.077300
32	0.041600
33	0.133800
34	0.071400
35	0.101100
36	0.234900
37	0.092200
38	0.386500
39	0.422200
40	0.615500
41	0.871200
42	0.095100
43	0.535200
44	0.154600
45	0.166500
46	0.603600
47	0.056500
48	0.071400
49	0.258700
50	0.288400
51	0.443000
52	0.776000
53	0.380600
54	0.862200
55	0.121900
56	0.157600
57	0.353800
58	0.377600
59	0.077300
60	0.110000
61	0.300300
62	0.223000
63	0.502500
64	0.086200
65	0.371700
66	0.321100
67	0.493600
68	0.306200
69	1.010900
70	1.010900
71	0.261600
72	0.211100
73	0.184300
74	0.172400
75	0.193300
76	0.202200
77	0.113000
78	0.223000
79	1.258800
80	1.258800
81	0.175400
82	1.213100
83	0.240800
84	0.817600
85	0.187300
86	0.303300
87	0.190300
88	0.110000
89	0.169500
90	1.135800
91	1.258800
92	1.025800
93	0.392500
94	0.276500
95	0.202200
96	0.220000
97	0.344900
98	0.240800
99	0.294400
100	0.107000
101	0.306200
102	1.257700
103	0.981200
104	0.282500
105	0.449000
106	0.874100
107	0.178400
108	0.868200
109	0.701700
110	1.258800
111	0.226000
112	0.642200
113	0.514400
114	0.184300
115	0.481700
116	1.258800
117	0.894900
118	1.258800
119	0.181400
120	0.460900
121	0.184300
122	0.196200
123	0.217000
124	0.104100
125	0.252700
126	0.338900
127	0.237900
128	0.466800
129	1.258800
130	0.157600
131	0.148700
132	1.034700
133	0.416300
134	0.181400
135	0.142700
136	0.220000
137	0.130800
138	0.249800
139	0.083300
140	0.089200
141	0.223000
142	0.407300
143	0.832500
144	0.121900
145	0.365700
146	1.258800
147	1.034700
148	0.338900
149	0.829500
150	0.341900
151	0.148700
152	0.231900
153	0.422200
154	0.056500
155	0.220000
156	0.095100
157	0.104100
158	0.490600
159	0.469800
160	0.651100
161	0.865200
162	0.454900
163	0.249800
164	0.475700
165	0.799800
166	0.234900
167	1.258800
168	1.013900
169	0.261600
170	0.196200
171	0.240800
172	0.279500
173	0.196200
174	0.151600
175	1.258800
176	0.264600
177	0.327100
178	0.142700
179	0.187300
180	0.121900
181	0.446000
182	0.228900
183	0.773000
184	0.865200
185	0.237900
186	0.526300
187	0.234900
188	0.624400
