1	0.157600
2	0.135900
3	0.142100
4	0.145200
5	0.568400
6	0.410900
7	0.534400
8	0.163700
9	0.244000
10	0.000000
11	1.272400
12	0.000000
13	1.272400
14	1.272400
15	0.315100
16	0.098900
17	0.173000
18	0.114300
19	0.142100
20	0.639500
21	0.034000
22	0.228600
23	0.475700
24	0.380000
25	0.135900
26	1.272400
27	1.195500
28	0.346000
29	1.272400
30	1.272400
31	0.123600
32	0.055600
33	0.188400
34	0.043200
35	0.101900
36	0.315100
37	0.049400
38	0.373800
39	0.577700
40	0.648700
41	0.892800
42	0.123600
43	0.546800
44	0.253300
45	0.173000
46	0.454100
47	0.071100
48	0.071100
49	0.373800
50	0.444800
51	0.432500
52	0.883500
53	0.346000
54	0.908200
55	0.222400
56	0.135900
57	0.346000
58	0.509700
59	0.098900
60	0.120500
61	0.274900
62	0.302700
63	0.469600
64	0.157600
65	0.339800
66	0.302700
67	0.503500
68	0.380000
69	1.164600
70	1.022500
71	0.302700
72	0.222400
73	0.145200
74	0.207000
75	0.231700
76	0.210100
77	0.179200
78	0.210100
79	1.272400
80	1.272400
81	0.207000
82	1.272400
83	0.253300
84	0.633300
85	0.308900
86	0.336700
87	0.281100
88	0.077200
89	0.145200
90	1.093600
91	1.272400
92	1.087400
93	0.373800
94	0.250200
95	0.237900
96	0.259500
97	0.361400
98	0.339800
99	0.352200
100	0.129700
101	0.404700
102	1.272400
103	0.970000
104	0.271900
105	0.383100
106	1.059600
107	0.173000
108	0.929900
109	0.763000
110	1.272400
111	0.166800
112	0.648700
113	0.611700
114	0.216200
115	0.358300
116	1.272400
117	0.914400
118	1.272400
119	0.216200
120	0.401600
121	0.228600
122	0.271900
123	0.194600
124	0.098900
125	0.231700
126	0.367600
127	0.271900
128	0.488100
129	1.272400
130	0.145200
131	0.145200
132	1.180100
133	0.380000
134	0.157600
135	0.120500
136	0.324400
137	0.135900
138	0.358300
139	0.123600
140	0.129700
141	0.265700
142	0.395400
143	0.883500
144	0.080300
145	0.426300
146	1.272400
147	0.936000
148	0.380000
149	0.732100
150	0.315100
151	0.114300
152	0.287300
153	0.410900
154	0.064900
155	0.200800
156	0.092700
157	0.114300
158	0.491200
159	0.432500
160	0.753800
161	0.948400
162	0.380000
163	0.231700
164	0.574600
165	0.719800
166	0.253300
167	1.272400
168	0.929900
169	0.324400
170	0.259500
171	0.302700
172	0.259500
173	0.188400
174	0.135900
175	1.272400
176	0.296600
177	0.336700
178	0.250200
179	0.123600
180	0.222400
181	0.491200
182	0.216200
183	0.821700
184	0.800100
185	0.222400
186	0.627100
187	0.231700
188	0.670400
