1	0.122100
2	0.043600
3	0.087200
4	0.110400
5	0.982300
6	0.110400
7	0.287700
8	0.078500
9	0.177300
10	0.386500
11	0.098800
12	0.296400
13	1.288800
14	0.837000
15	0.197600
16	0.066800
17	0.607400
18	0.122100
19	0.133700
20	0.607400
21	0.860200
22	0.186000
23	0.319700
24	0.342900
25	0.165600
26	1.288800
27	0.982300
28	0.374900
29	1.278700
30	1.288800
31	0.296400
32	0.087200
33	0.517300
34	0.694600
35	0.142400
36	0.000000
37	1.288800
38	0.000000
39	0.927000
40	1.288800
41	1.278700
42	0.186000
43	0.860200
44	0.209200
45	0.220900
46	0.552200
47	0.154000
48	0.066800
49	0.308000
50	0.418500
51	0.386500
52	0.935800
53	0.363300
54	0.793400
55	0.220900
56	0.186000
57	0.363300
58	0.441700
59	0.055200
60	0.078500
61	0.209200
62	0.252800
63	0.342900
64	0.142400
65	0.287700
66	0.374900
67	0.386500
68	0.241200
69	0.959000
70	0.903800
71	0.430100
72	0.142400
73	0.186000
74	0.220900
75	0.296400
76	0.122100
77	0.110400
78	0.142400
79	1.288800
80	1.288800
81	0.186000
82	1.046200
83	0.264500
84	0.738100
85	0.264500
86	0.264500
87	0.186000
88	0.066800
89	0.122100
90	1.101400
91	1.288800
92	0.903800
93	0.386500
94	0.308000
95	0.220900
96	0.296400
97	0.441700
98	0.232500
99	0.220900
100	0.133700
101	0.406900
102	1.288800
103	1.057800
104	0.241200
105	0.496900
106	1.101400
107	0.165600
108	0.825300
109	0.616100
110	1.288800
111	0.276100
112	0.639300
113	0.517300
114	0.154000
115	0.342900
116	1.288800
117	0.671300
118	1.288800
119	0.209200
120	0.374900
121	0.232500
122	0.197600
123	0.177300
124	0.142400
125	0.220900
126	0.331300
127	0.264500
128	0.374900
129	1.288800
130	0.122100
131	0.177300
132	0.880500
133	0.296400
134	0.232500
135	0.142400
136	0.232500
137	0.066800
138	0.296400
139	0.066800
140	0.087200
141	0.264500
142	0.331300
143	0.825300
144	0.122100
145	0.505700
146	1.288800
147	0.935800
148	0.331300
149	0.616100
150	0.252800
151	0.133700
152	0.308000
153	0.374900
154	0.055200
155	0.264500
156	0.133700
157	0.055200
158	0.406900
159	0.462100
160	0.714900
161	0.880500
162	0.374900
163	0.197600
164	0.560900
165	0.671300
166	0.319700
167	1.288800
168	1.124700
169	0.386500
170	0.276100
171	0.186000
172	0.264500
173	0.142400
174	0.154000
175	1.288800
176	0.154000
177	0.363300
178	0.122100
179	0.122100
180	0.186000
181	0.374900
182	0.220900
183	0.706200
184	0.848600
185	0.186000
186	0.496900
187	0.241200
188	0.607400
