1	0.077100
2	0.182500
3	0.090000
4	0.064300
5	0.156800
6	0.131100
7	0.259600
8	0.038600
9	0.090000
10	0.352200
11	0.169700
12	0.144000
13	0.755800
14	1.236500
15	0.169700
16	0.090000
17	0.156800
18	0.105400
19	0.064300
20	0.156800
21	0.064300
22	0.144000
23	0.390700
24	0.300800
25	0.090000
26	1.270200
27	0.964000
28	0.352200
29	1.210800
30	1.270200
31	0.118300
32	0.038600
33	0.208200
34	0.064300
35	0.144000
36	0.182500
37	0.077100
38	0.377900
39	0.429300
40	0.688900
41	0.820100
42	0.118300
43	0.688900
44	0.182500
45	0.144000
46	0.534700
47	0.000000
48	1.270200
49	0.000000
50	1.146500
51	1.270200
52	0.976900
53	0.611800
54	0.964000
55	0.246800
56	0.208200
57	0.313600
58	0.704400
59	0.182500
60	0.377900
61	0.208200
62	0.285300
63	0.313600
64	0.156800
65	0.326500
66	0.285300
67	0.455000
68	0.467900
69	1.108000
70	1.079700
71	0.272500
72	0.195400
73	0.285300
74	0.182500
75	0.156800
76	0.246800
77	0.169700
78	0.233900
79	1.270200
80	1.270200
81	0.246800
82	0.989700
83	0.208200
84	0.845800
85	0.169700
86	0.221100
87	0.182500
88	0.038600
89	0.169700
90	0.912600
91	1.270200
92	0.912600
93	0.313600
94	0.259600
95	0.285300
96	0.221100
97	0.352200
98	0.272500
99	0.352200
100	0.118300
101	0.233900
102	1.270200
103	1.015400
104	0.233900
105	0.285300
106	0.951200
107	0.064300
108	0.624700
109	0.560400
110	1.270200
111	0.169700
112	0.573300
113	0.416500
114	0.169700
115	0.221100
116	1.270200
117	0.676100
118	1.270200
119	0.169700
120	0.365000
121	0.221100
122	0.300800
123	0.169700
124	0.064300
125	0.156800
126	0.377900
127	0.285300
128	0.377900
129	1.270200
130	0.090000
131	0.144000
132	0.938300
133	0.416500
134	0.156800
135	0.105400
136	0.156800
137	0.169700
138	0.233900
139	0.077100
140	0.118300
141	0.259600
142	0.509000
143	0.676100
144	0.156800
145	0.352200
146	1.270200
147	0.976900
148	0.313600
149	0.938300
150	0.339300
151	0.090000
152	0.300800
153	0.416500
154	0.077100
155	0.285300
156	0.038600
157	0.118300
158	0.365000
159	0.365000
160	0.637500
161	0.730100
162	0.365000
163	0.233900
164	0.455000
165	0.832900
166	0.221100
167	1.270200
168	0.611800
169	0.246800
170	0.195400
171	0.285300
172	0.259600
173	0.156800
174	0.077100
175	1.270200
176	0.221100
177	0.195400
178	0.131100
179	0.156800
180	0.105400
181	0.326500
182	0.208200
183	0.637500
184	0.794300
185	0.285300
186	0.416500
187	0.182500
188	0.599000
