1	0.076900
2	0.176500
3	0.099700
4	0.122400
5	0.267700
6	0.176500
7	0.378700
8	0.034200
9	0.088300
10	0.321800
11	0.199300
12	0.279100
13	0.999500
14	1.237300
15	0.133800
16	0.099700
17	0.133800
18	0.133800
19	0.145200
20	0.210700
21	0.076900
22	0.076900
23	0.444200
24	0.244900
25	0.133800
26	1.237300
27	1.167500
28	0.378700
29	1.237300
30	1.237300
31	0.122400
32	0.122400
33	0.145200
34	0.076900
35	0.045600
36	0.333200
37	0.057000
38	0.390100
39	0.543900
40	0.455600
41	0.945400
42	0.187900
43	0.524000
44	0.133800
45	0.222100
46	0.489800
47	0.176500
48	0.156600
49	0.501200
50	0.512600
51	0.367300
52	0.857100
53	0.378700
54	0.788800
55	0.467000
56	0.367300
57	0.888400
58	0.000000
59	1.237300
60	0.000000
61	1.237300
62	0.222100
63	1.237300
64	0.421400
65	0.489800
66	0.421400
67	0.367300
68	0.390100
69	1.190300
70	1.237300
71	0.299000
72	0.222100
73	0.355900
74	0.279100
75	0.210700
76	0.279100
77	0.210700
78	0.199300
79	1.237300
80	1.237300
81	0.122400
82	1.224500
83	0.233500
84	0.666300
85	0.222100
86	0.344600
87	0.156600
88	0.111100
89	0.187900
90	1.237300
91	1.237300
92	1.033700
93	0.378700
94	0.244900
95	0.187900
96	0.233500
97	0.279100
98	0.244900
99	0.401500
100	0.076900
101	0.467000
102	1.237300
103	0.999500
104	0.244900
105	0.421400
106	0.734700
107	0.111100
108	0.968200
109	0.857100
110	1.237300
111	0.222100
112	0.623600
113	0.600800
114	0.233500
115	0.367300
116	1.237300
117	0.822900
118	1.237300
119	0.210700
120	0.421400
121	0.133800
122	0.279100
123	0.279100
124	0.088300
125	0.290500
126	0.321800
127	0.321800
128	0.543900
129	1.237300
130	0.168000
131	0.156600
132	1.233000
133	0.566700
134	0.168000
135	0.168000
136	0.210700
137	0.111100
138	0.267700
139	0.176500
140	0.122400
141	0.256300
142	0.455600
143	0.700500
144	0.122400
145	0.344600
146	1.237300
147	1.022300
148	0.390100
149	0.911200
150	0.310400
151	0.133800
152	0.256300
153	0.355900
154	0.045600
155	0.222100
156	0.088300
157	0.065500
158	0.290500
159	0.478400
160	0.600800
161	0.868500
162	0.344600
163	0.222100
164	0.421400
165	0.766000
166	0.290500
167	1.237300
168	1.010900
169	0.279100
170	0.256300
171	0.267700
172	0.310400
173	0.176500
174	0.199300
175	1.237300
176	0.290500
177	0.321800
178	0.111100
179	0.156600
180	0.244900
181	0.578100
182	0.187900
183	0.700500
184	0.734700
185	0.256300
186	0.566700
187	0.333200
188	0.800200
