1	0.121400
2	0.102200
3	0.111800
4	0.111800
5	0.249200
6	0.194900
7	0.351400
8	0.063900
9	0.137400
10	0.389700
11	0.204400
12	0.204400
13	1.063700
14	1.265300
15	0.297100
16	0.063900
17	0.239600
18	0.121400
19	0.083100
20	0.268300
21	0.054300
22	0.194900
23	0.389700
24	0.507900
25	0.131000
26	1.265300
27	1.265300
28	0.322600
29	1.265300
30	1.265300
31	0.083100
32	0.063900
33	0.156500
34	0.121400
35	0.073500
36	0.322600
37	0.063900
38	0.258700
39	0.527100
40	1.044500
41	1.127600
42	0.249200
43	0.517500
44	0.230000
45	0.230000
46	0.600500
47	0.175700
48	0.268300
49	0.380100
50	0.434400
51	0.380100
52	0.750700
53	0.453600
54	0.683600
55	0.463200
56	0.565400
57	0.415300
58	0.584600
59	0.000000
60	1.265300
61	0.000000
62	0.268300
63	0.766600
64	0.297100
65	0.785800
66	0.619700
67	0.766600
68	0.629300
69	1.265300
70	1.265300
71	0.306700
72	0.239600
73	0.249200
74	0.306700
75	0.277900
76	0.380100
77	0.239600
78	0.322600
79	1.265300
80	1.265300
81	0.223600
82	1.265300
83	0.287500
84	0.935900
85	0.277900
86	0.405700
87	0.249200
88	0.204400
89	0.239600
90	1.265300
91	1.265300
92	1.265300
93	0.584600
94	0.389700
95	0.277900
96	0.249200
97	0.361000
98	0.249200
99	0.306700
100	0.131000
101	0.517500
102	1.265300
103	1.265300
104	0.277900
105	0.453600
106	1.210600
107	0.214000
108	0.942300
109	0.776200
110	1.265300
111	0.214000
112	0.731500
113	0.619700
114	0.313000
115	0.434400
116	1.265300
117	1.073300
118	1.265300
119	0.214000
120	0.399300
121	0.268300
122	0.322600
123	0.306700
124	0.185300
125	0.287500
126	0.434400
127	0.239600
128	0.498300
129	1.265300
130	0.146900
131	0.137400
132	1.102000
133	0.463200
134	0.230000
135	0.175700
136	0.322600
137	0.137400
138	0.332200
139	0.121400
140	0.137400
141	0.277900
142	0.424800
143	1.028600
144	0.166100
145	0.405700
146	1.265300
147	1.127600
148	0.482300
149	0.868800
150	0.287500
151	0.131000
152	0.351400
153	0.415300
154	0.102200
155	0.268300
156	0.063900
157	0.092600
158	0.482300
159	0.555800
160	0.667600
161	1.054100
162	0.424800
163	0.249200
164	0.507900
165	0.805000
166	0.297100
167	1.265300
168	1.165900
169	0.341800
170	0.175700
171	0.351400
172	0.332200
173	0.223600
174	0.131000
175	1.265300
176	0.297100
177	0.389700
178	0.175700
179	0.146900
180	0.185300
181	0.517500
182	0.249200
183	0.805000
184	0.859300
185	0.175700
186	0.527100
187	0.268300
188	0.610100
