1	0.102300
2	0.140600
3	0.060700
4	0.067100
5	0.329200
6	0.163000
7	0.396400
8	0.025600
9	0.083100
10	0.370800
11	0.166200
12	0.204600
13	1.106000
14	1.253500
15	0.233400
16	0.079900
17	0.236500
18	0.095900
19	0.083100
20	0.201400
21	0.054300
22	0.140600
23	0.482700
24	0.265300
25	0.147000
26	1.253500
27	1.163600
28	0.441100
29	1.253500
30	1.253500
31	0.092700
32	0.038400
33	0.191800
34	0.047900
35	0.092700
36	0.310100
37	0.067100
38	0.361200
39	0.495500
40	0.610500
41	0.696900
42	0.086300
43	0.575400
44	0.195000
45	0.166200
46	0.811900
47	0.086300
48	0.067100
49	0.412400
50	0.265300
51	0.322900
52	0.821500
53	0.294100
54	0.616900
55	0.211000
56	0.425100
57	0.527400
58	0.434700
59	0.115100
60	0.223800
61	0.316500
62	0.233400
63	1.253500
64	0.000000
65	1.253500
66	0.000000
67	0.374000
68	0.780000
69	1.170000
70	0.994100
71	0.348400
72	0.505100
73	0.236500
74	0.310100
75	0.217400
76	0.233400
77	0.147000
78	0.342000
79	1.253500
80	1.253500
81	0.211000
82	1.147600
83	0.214200
84	0.764000
85	0.287700
86	0.297300
87	0.191800
88	0.079900
89	0.147000
90	1.125200
91	1.253500
92	0.984500
93	0.351600
94	0.262100
95	0.217400
96	0.278100
97	0.399600
98	0.207800
99	0.278100
100	0.105500
101	0.310100
102	1.253500
103	1.016500
104	0.255700
105	0.457100
106	0.875900
107	0.182200
108	0.834300
109	0.684100
110	1.253500
111	0.185400
112	0.620100
113	0.466700
114	0.211000
115	0.501900
116	1.253500
117	1.253500
118	1.253500
119	0.201400
120	0.421900
121	0.201400
122	0.217400
123	0.217400
124	0.127900
125	0.290900
126	0.265300
127	0.252500
128	0.517800
129	1.253500
130	0.169400
131	0.175800
132	1.090000
133	0.415600
134	0.172600
135	0.147000
136	0.211000
137	0.115100
138	0.300500
139	0.127900
140	0.092700
141	0.294100
142	0.332400
143	0.875900
144	0.147000
145	0.390000
146	1.147600
147	0.853500
148	0.425100
149	0.843900
150	0.306900
151	0.175800
152	0.252500
153	0.374000
154	0.051100
155	0.274900
156	0.095900
157	0.086300
158	0.485900
159	0.447500
160	0.620100
161	0.959000
162	0.412400
163	0.233400
164	0.473100
165	0.728800
166	0.204600
167	1.253500
168	0.975000
169	0.332400
170	0.252500
171	0.262100
172	0.306900
173	0.233400
174	0.134300
175	1.253500
176	0.284500
177	0.367600
178	0.137500
179	0.201400
180	0.131100
181	0.415600
182	0.233400
183	0.706400
184	0.837500
185	0.262100
186	0.549800
187	0.220600
188	0.684100
