1	0.182000
2	0.163400
3	0.137400
4	0.107700
5	0.360200
6	0.230200
7	0.363900
8	0.078000
9	0.133700
10	0.460500
11	0.237700
12	0.219100
13	1.296100
14	1.296100
15	0.278500
16	0.096600
17	0.267400
18	0.141100
19	0.122600
20	0.330500
21	0.070600
22	0.193100
23	0.497600
24	0.438200
25	0.189400
26	1.296100
27	1.296100
28	0.486500
29	1.296100
30	1.296100
31	0.137400
32	0.044600
33	0.234000
34	0.066800
35	0.115100
36	0.315700
37	0.122600
38	0.486500
39	0.568200
40	0.757600
41	0.976700
42	0.148500
43	0.735300
44	0.193100
45	0.208000
46	0.690700
47	0.122600
48	0.081700
49	0.308200
50	0.479100
51	0.590500
52	0.961800
53	0.404800
54	0.999000
55	0.219100
56	0.245100
57	0.471600
58	0.549600
59	0.107700
60	0.156000
61	0.286000
62	0.345400
63	0.534800
64	0.167100
65	0.412200
66	0.401100
67	0.649900
68	0.534800
69	1.214400
70	1.296100
71	0.386200
72	0.222800
73	0.248800
74	0.211700
75	0.308200
76	0.557000
77	0.356500
78	0.319400
79	1.296100
80	1.296100
81	0.479100
82	0.000000
83	1.296100
84	0.000000
85	0.308200
86	0.649900
87	0.471600
88	0.193100
89	0.341700
90	1.296100
91	1.296100
92	1.296100
93	0.638700
94	0.404800
95	0.375100
96	0.356500
97	0.609000
98	0.278500
99	0.349100
100	0.126300
101	0.427100
102	1.296100
103	1.296100
104	0.345400
105	0.579300
106	1.296100
107	0.252500
108	1.121500
109	0.902400
110	1.296100
111	0.234000
112	0.802100
113	0.579300
114	0.286000
115	0.557000
116	1.296100
117	1.058400
118	1.296100
119	0.245100
120	0.438200
121	0.237700
122	0.330500
123	0.267400
124	0.100300
125	0.345400
126	0.467900
127	0.304500
128	0.583000
129	1.296100
130	0.174500
131	0.174500
132	1.296100
133	0.564500
134	0.208000
135	0.208000
136	0.345400
137	0.193100
138	0.371400
139	0.167100
140	0.107700
141	0.375100
142	0.501300
143	1.151200
144	0.204300
145	0.382500
146	1.296100
147	1.225500
148	0.523600
149	1.132700
150	0.512500
151	0.211700
152	0.304500
153	0.527300
154	0.115100
155	0.326800
156	0.126300
157	0.107700
158	0.482800
159	0.590500
160	0.757600
161	1.162400
162	0.597900
163	0.278500
164	0.538500
165	0.839300
166	0.304500
167	1.296100
168	1.296100
169	0.401100
170	0.300800
171	0.293400
172	0.289700
173	0.289700
174	0.208000
175	1.296100
176	0.304500
177	0.508800
178	0.234000
179	0.152300
180	0.163400
181	0.501300
182	0.293400
183	1.073200
184	0.980400
185	0.319400
186	0.653600
187	0.245100
188	0.883800
