1	0.066600
2	0.141100
3	0.085200
4	0.037300
5	0.242300
6	0.141100
7	0.252900
8	0.047900
9	0.055900
10	0.391400
11	0.130500
12	0.111800
13	0.897300
14	1.267000
15	0.223600
16	0.066600
17	0.149100
18	0.037300
19	0.066600
20	0.298200
21	0.029300
22	0.111800
23	0.402000
24	0.316800
25	0.085200
26	1.267000
27	1.001100
28	0.308800
29	1.267000
30	1.267000
31	0.085200
32	0.055900
33	0.205000
34	0.055900
35	0.074500
36	0.279600
37	0.055900
38	0.410000
39	0.532500
40	0.513900
41	0.774800
42	0.130500
43	0.569800
44	0.093200
45	0.093200
46	0.580400
47	0.066600
48	0.029300
49	0.279600
50	0.383400
51	0.316800
52	0.852000
53	0.383400
54	0.830700
55	0.085200
56	0.167700
57	0.316800
58	0.364800
59	0.093200
60	0.205000
61	0.122500
62	0.205000
63	0.327500
64	0.178400
65	0.279600
66	0.383400
67	0.673600
68	0.431300
69	0.990400
70	1.267000
71	0.122500
72	0.252900
73	0.215700
74	0.234300
75	0.186400
76	0.197000
77	0.159700
78	0.346100
79	1.267000
80	1.267000
81	0.468600
82	1.027700
83	0.354100
84	0.607000
85	0.532500
86	0.617700
87	0.000000
88	1.267000
89	0.000000
90	1.267000
91	1.267000
92	1.267000
93	0.599100
94	0.625700
95	0.561800
96	0.383400
97	0.450000
98	0.402000
99	0.410000
100	0.178400
101	0.431300
102	1.267000
103	1.139500
104	0.298200
105	0.495200
106	1.120900
107	0.205000
108	1.027700
109	0.766800
110	1.267000
111	0.215700
112	0.718900
113	0.505900
114	0.159700
115	0.402000
116	1.267000
117	1.027700
118	1.267000
119	0.223600
120	0.420700
121	0.260900
122	0.252900
123	0.260900
124	0.122500
125	0.252900
126	0.279600
127	0.252900
128	0.391400
129	1.267000
130	0.141100
131	0.149100
132	1.001100
133	0.346100
134	0.122500
135	0.103800
136	0.159700
137	0.055900
138	0.223600
139	0.093200
140	0.055900
141	0.197000
142	0.410000
143	0.748200
144	0.122500
145	0.271600
146	1.187500
147	1.214100
148	0.271600
149	0.860000
150	0.197000
151	0.159700
152	0.260900
153	0.298200
154	0.111800
155	0.234300
156	0.074500
157	0.074500
158	0.346100
159	0.391400
160	0.673600
161	0.830700
162	0.410000
163	0.279600
164	0.391400
165	0.766800
166	0.186400
167	1.267000
168	1.131600
169	0.290200
170	0.205000
171	0.234300
172	0.308800
173	0.223600
174	0.122500
175	1.267000
176	0.223600
177	0.391400
178	0.093200
179	0.111800
180	0.159700
181	0.431300
182	0.197000
183	0.644300
184	0.860000
185	0.186400
186	0.487200
187	0.234300
188	0.644300
