1	0.112000
2	0.176500
3	0.088300
4	0.074700
5	0.353000
6	0.152800
7	0.383600
8	0.061100
9	0.084900
10	0.407300
11	0.186700
12	0.200300
13	1.181300
14	1.241600
15	0.254600
16	0.084900
17	0.220600
18	0.122200
19	0.108600
20	0.237600
21	0.081500
22	0.146000
23	0.512600
24	0.329300
25	0.156200
26	1.241600
27	1.241600
28	0.482000
29	1.241600
30	1.241600
31	0.098400
32	0.054300
33	0.241000
34	0.088300
35	0.146000
36	0.336100
37	0.095000
38	0.410700
39	0.539700
40	0.723000
41	0.869000
42	0.118800
43	0.628000
44	0.149400
45	0.224000
46	0.634800
47	0.118800
48	0.064500
49	0.302100
50	0.407300
51	0.390400
52	0.886000
53	0.414100
54	0.936900
55	0.200300
56	0.169700
57	0.380200
58	0.475200
59	0.091700
60	0.173100
61	0.268200
62	0.220600
63	0.505800
64	0.146000
65	0.366600
66	0.370000
67	0.573700
68	0.366600
69	1.035300
70	1.028600
71	0.312300
72	0.234200
73	0.196900
74	0.196900
75	0.251200
76	0.254600
77	0.234200
78	0.241000
79	1.241600
80	1.241600
81	0.213900
82	1.241600
83	0.342900
84	0.804500
85	0.278400
86	0.383600
87	0.268200
88	0.173100
89	0.271600
90	1.241600
91	1.241600
92	0.000000
93	1.241600
94	0.000000
95	0.275000
96	0.315700
97	0.628000
98	0.281700
99	0.268200
100	0.088300
101	0.295300
102	1.241600
103	1.062500
104	0.305500
105	0.546500
106	0.919900
107	0.210500
108	0.892800
109	0.804500
110	1.241600
111	0.251200
112	0.628000
113	0.505800
114	0.227400
115	0.539700
116	1.241600
117	0.967500
118	1.241600
119	0.227400
120	0.434500
121	0.227400
122	0.227400
123	0.179900
124	0.095000
125	0.339500
126	0.336100
127	0.230800
128	0.505800
129	1.241600
130	0.169700
131	0.169700
132	1.167700
133	0.600800
134	0.207100
135	0.190100
136	0.251200
137	0.112000
138	0.353000
139	0.088300
140	0.112000
141	0.302100
142	0.424300
143	0.872400
144	0.146000
145	0.451500
146	1.241600
147	1.160900
148	0.393800
149	0.821500
150	0.339500
151	0.152800
152	0.312300
153	0.475200
154	0.061100
155	0.275000
156	0.105200
157	0.132400
158	0.492200
159	0.536300
160	0.655200
161	1.001400
162	0.471800
163	0.312300
164	0.512600
165	0.852000
166	0.268200
167	1.241600
168	1.222000
169	0.281700
170	0.268200
171	0.312300
172	0.336100
173	0.251200
174	0.186700
175	1.241600
176	0.336100
177	0.363200
178	0.142600
179	0.186700
180	0.159500
181	0.434500
182	0.278400
183	0.903000
184	0.892800
185	0.258000
186	0.604200
187	0.251200
188	0.767200
