1	0.107100
2	0.116200
3	0.079500
4	0.073400
5	0.287500
6	0.125400
7	0.348700
8	0.048900
9	0.070300
10	0.315000
11	0.159100
12	0.201900
13	1.021600
14	1.238400
15	0.226300
16	0.070300
17	0.201900
18	0.116200
19	0.097900
20	0.247800
21	0.067300
22	0.116200
23	0.348700
24	0.327300
25	0.104000
26	1.238400
27	1.174500
28	0.403700
29	1.238400
30	1.238400
31	0.082600
32	0.052000
33	0.226300
34	0.039800
35	0.079500
36	0.312000
37	0.094800
38	0.397600
39	0.458800
40	0.648400
41	0.890100
42	0.110100
43	0.523000
44	0.195800
45	0.159100
46	0.559700
47	0.070300
48	0.064200
49	0.305900
50	0.425200
51	0.461900
52	0.871700
53	0.412900
54	0.761600
55	0.198800
56	0.146800
57	0.324200
58	0.458800
59	0.061200
60	0.094800
61	0.195800
62	0.204900
63	0.382300
64	0.159100
65	0.364000
66	0.287500
67	0.559700
68	0.327300
69	0.902300
70	1.055200
71	0.302800
72	0.171300
73	0.183500
74	0.174300
75	0.208000
76	0.241600
77	0.177400
78	0.174300
79	1.238400
80	1.238400
81	0.287500
82	1.186800
83	0.287500
84	0.816700
85	0.266100
86	0.339500
87	0.278300
88	0.116200
89	0.226300
90	1.085800
91	1.238400
92	0.935900
93	0.553600
94	0.342600
95	0.137600
96	0.000000
97	1.238400
98	0.000000
99	0.318100
100	0.116200
101	0.596400
102	1.238400
103	1.238400
104	0.477200
105	0.550600
106	1.238400
107	0.183500
108	0.978800
109	0.832000
110	1.238400
111	0.204900
112	0.624000
113	0.614800
114	0.247800
115	0.440400
116	1.238400
117	0.994100
118	1.238400
119	0.186600
120	0.416000
121	0.220200
122	0.235500
123	0.217200
124	0.107100
125	0.299700
126	0.293600
127	0.281400
128	0.464900
129	1.238400
130	0.180500
131	0.104000
132	1.049100
133	0.489400
134	0.177400
135	0.131500
136	0.204900
137	0.134600
138	0.293600
139	0.113200
140	0.110100
141	0.324200
142	0.416000
143	0.929800
144	0.110100
145	0.403700
146	1.238400
147	1.122500
148	0.403700
149	0.868700
150	0.333400
151	0.198800
152	0.263000
153	0.394600
154	0.091800
155	0.293600
156	0.094800
157	0.094800
158	0.501600
159	0.477200
160	0.703500
161	0.884000
162	0.452700
163	0.269200
164	0.416000
165	0.703500
166	0.260000
167	1.238400
168	1.049100
169	0.315000
170	0.192700
171	0.247800
172	0.302800
173	0.226300
174	0.159100
175	1.238400
176	0.238600
177	0.327300
178	0.137600
179	0.156000
180	0.140700
181	0.419000
182	0.201900
183	0.789100
184	0.828900
185	0.247800
186	0.608700
187	0.287500
188	0.636200
