1	0.081900
2	0.112200
3	0.084900
4	0.081900
5	0.233500
6	0.148600
7	0.288000
8	0.063700
9	0.075800
10	0.315300
11	0.178900
12	0.194000
13	0.942900
14	1.264700
15	0.197100
16	0.072800
17	0.215300
18	0.081900
19	0.091000
20	0.224400
21	0.072800
22	0.160700
23	0.436600
24	0.345600
25	0.057600
26	1.264700
27	1.076300
28	0.400200
29	1.264700
30	1.264700
31	0.115200
32	0.027300
33	0.197100
34	0.030300
35	0.057600
36	0.306200
37	0.063700
38	0.385100
39	0.497200
40	0.667000
41	0.970200
42	0.112200
43	0.651900
44	0.218300
45	0.178900
46	0.588200
47	0.081900
48	0.057600
49	0.330500
50	0.348700
51	0.436600
52	0.900500
53	0.412300
54	0.952000
55	0.194000
56	0.178900
57	0.309300
58	0.497200
59	0.094000
60	0.151600
61	0.278900
62	0.233500
63	0.363800
64	0.133400
65	0.357800
66	0.336500
67	0.573000
68	0.288000
69	1.085400
70	1.264700
71	0.206200
72	0.194000
73	0.203100
74	0.178900
75	0.175900
76	0.218300
77	0.178900
78	0.215300
79	1.264700
80	1.264700
81	0.203100
82	1.237000
83	0.251600
84	0.797400
85	0.260700
86	0.260700
87	0.218300
88	0.075800
89	0.124300
90	1.264700
91	1.264700
92	1.264700
93	0.376000
94	0.306200
95	0.263800
96	0.260700
97	0.466900
98	0.224400
99	0.418400
100	0.151600
101	0.427500
102	1.264700
103	1.264700
104	0.306200
105	0.588200
106	1.185500
107	0.254700
108	0.915600
109	0.964200
110	1.264700
111	0.227400
112	0.700400
113	0.000000
114	1.264700
115	0.000000
116	1.264700
117	0.924700
118	1.264700
119	0.430500
120	0.548800
121	0.318400
122	0.188000
123	0.288000
124	0.215300
125	0.327400
126	0.579100
127	0.412300
128	0.579100
129	1.264700
130	0.151600
131	0.124300
132	1.030900
133	0.494200
134	0.175900
135	0.224400
136	0.306200
137	0.109100
138	0.297100
139	0.103100
140	0.112200
141	0.260700
142	0.506300
143	0.909600
144	0.100100
145	0.418400
146	1.264700
147	1.264700
148	0.848900
149	1.264700
150	0.330500
151	0.142500
152	0.391100
153	0.515400
154	0.094000
155	0.242600
156	0.109100
157	0.121300
158	0.573000
159	0.512400
160	0.657900
161	0.936900
162	0.442700
163	0.354700
164	0.591200
165	0.909600
166	0.318400
167	1.264700
168	1.103600
169	0.330500
170	0.175900
171	0.282000
172	0.309300
173	0.315300
174	0.166800
175	1.264700
176	0.212200
177	0.300200
178	0.084900
179	0.142500
180	0.115200
181	0.512400
182	0.251600
183	0.712500
184	0.955100
185	0.272900
186	0.600300
187	0.269800
188	0.667000
