1	0.090000
2	0.229600
3	0.099300
4	0.074500
5	0.338200
6	0.164500
7	0.229600
8	0.065200
9	0.155100
10	0.356800
11	0.164500
12	0.173800
13	0.921600
14	1.212900
15	0.192400
16	0.117900
17	0.201700
18	0.080700
19	0.055900
20	0.192400
21	0.090000
22	0.238900
23	0.493400
24	0.282400
25	0.108600
26	1.212900
27	1.207000
28	0.474700
29	1.212900
30	1.212900
31	0.065200
32	0.090000
33	0.211000
34	0.046500
35	0.065200
36	0.347500
37	0.117900
38	0.282400
39	0.512000
40	0.602000
41	0.695100
42	0.108600
43	0.620600
44	0.238900
45	0.183100
46	0.629900
47	0.080700
48	0.046500
49	0.409600
50	0.428200
51	0.521300
52	0.831600
53	0.375500
54	0.822300
55	0.145800
56	0.192400
57	0.291700
58	0.456100
59	0.074500
60	0.183100
61	0.409600
62	0.220300
63	0.437500
64	0.065200
65	0.446800
66	0.301000
67	0.493400
68	0.328900
69	0.850200
70	1.033300
71	0.229600
72	0.155100
73	0.183100
74	0.201700
75	0.220300
76	0.263700
77	0.164500
78	0.145800
79	1.212900
80	1.212900
81	0.136500
82	1.123300
83	0.183100
84	0.747800
85	0.301000
86	0.229600
87	0.245100
88	0.117900
89	0.254400
90	1.212900
91	1.212900
92	0.977400
93	0.319600
94	0.338200
95	0.238900
96	0.328900
97	0.409600
98	0.301000
99	0.282400
100	0.127200
101	0.338200
102	1.212900
103	1.160500
104	0.356800
105	0.465400
106	1.005300
107	0.183100
108	0.803700
109	0.574000
110	1.212900
111	0.201700
112	0.592700
113	0.620600
114	0.437500
115	0.512000
116	1.212900
117	0.986700
118	1.212900
119	0.465400
120	0.484100
121	0.301000
122	0.263700
123	0.000000
124	1.212900
125	0.000000
126	0.574000
127	0.384800
128	0.713700
129	1.212900
130	0.192400
131	0.211000
132	1.141900
133	0.409600
134	0.192400
135	0.220300
136	0.238900
137	0.164500
138	0.291700
139	0.080700
140	0.090000
141	0.328900
142	0.512000
143	0.831600
144	0.164500
145	0.418900
146	1.212900
147	1.042600
148	0.437500
149	1.033300
150	0.347500
151	0.145800
152	0.291700
153	0.418900
154	0.145800
155	0.338200
156	0.090000
157	0.108600
158	0.456100
159	0.484100
160	0.794300
161	0.912300
162	0.366100
163	0.254400
164	0.418900
165	0.893600
166	0.319600
167	1.212900
168	1.051900
169	0.310300
170	0.211000
171	0.245100
172	0.301000
173	0.254400
174	0.145800
175	1.212900
176	0.328900
177	0.356800
178	0.183100
179	0.211000
180	0.183100
181	0.474700
182	0.192400
183	0.794300
184	0.996000
185	0.282400
186	0.493400
187	0.282400
188	0.713700
