1	0.151200
2	0.119200
3	0.075600
4	0.069800
5	0.349000
6	0.157000
7	0.258800
8	0.032000
9	0.058200
10	0.380900
11	0.171600
12	0.194800
13	0.872400
14	1.185700
15	0.221000
16	0.064000
17	0.171600
18	0.139600
19	0.096000
20	0.215200
21	0.049400
22	0.128000
23	0.418700
24	0.235500
25	0.087200
26	1.185700
27	1.151600
28	0.279200
29	1.185700
30	1.185700
31	0.075600
32	0.037800
33	0.221000
34	0.049400
35	0.075600
36	0.264600
37	0.069800
38	0.392600
39	0.506000
40	0.581600
41	0.796800
42	0.113400
43	0.587400
44	0.165800
45	0.145400
46	0.587400
47	0.096000
48	0.043600
49	0.226800
50	0.343100
51	0.360600
52	0.683400
53	0.354800
54	0.759000
55	0.128000
56	0.189000
57	0.322800
58	0.328600
59	0.096000
60	0.101800
61	0.241400
62	0.189000
63	0.436200
64	0.151200
65	0.404200
66	0.328600
67	0.532200
68	0.354800
69	0.962500
70	1.113800
71	0.328600
72	0.189000
73	0.209400
74	0.189000
75	0.189000
76	0.203600
77	0.145400
78	0.189000
79	1.185700
80	1.185700
81	0.157000
82	1.185700
83	0.215200
84	0.709500
85	0.296600
86	0.253000
87	0.194800
88	0.096000
89	0.145400
90	1.177700
91	1.185700
92	1.134100
93	0.392600
94	0.311200
95	0.264600
96	0.290800
97	0.474000
98	0.183200
99	0.279200
100	0.087200
101	0.386800
102	1.185700
103	1.107900
104	0.328600
105	0.410000
106	0.904400
107	0.209400
108	0.910200
109	0.823000
110	1.185700
111	0.221000
112	0.564100
113	0.575800
114	0.215200
115	0.430400
116	1.185700
117	1.006200
118	1.185700
119	0.189000
120	0.380900
121	0.290800
122	0.247200
123	0.285000
124	0.133800
125	0.290800
126	0.532200
127	0.151200
128	1.185700
129	0.000000
130	1.185700
131	0.000000
132	1.185700
133	0.866600
134	0.543800
135	0.247200
136	0.273300
137	0.113400
138	0.253000
139	0.119200
140	0.133800
141	0.424600
142	0.479800
143	0.968400
144	0.171600
145	0.418700
146	1.185700
147	1.049800
148	0.442000
149	1.026500
150	0.328600
151	0.145400
152	0.317000
153	0.343100
154	0.081400
155	0.273300
156	0.139600
157	0.107600
158	0.392600
159	0.517600
160	0.721200
161	0.898600
162	0.488500
163	0.194800
164	0.474000
165	0.773500
166	0.311200
167	1.185700
168	1.026500
169	0.354800
170	0.235500
171	0.296600
172	0.253000
173	0.258800
174	0.119200
175	1.185700
176	0.279200
177	0.354800
178	0.203600
179	0.183200
180	0.221000
181	0.500200
182	0.165800
183	0.785200
184	0.773500
185	0.258800
186	0.549600
187	0.273300
188	0.657200
