1	0.088000
2	0.119200
3	0.070900
4	0.053900
5	0.278100
6	0.124900
7	0.337700
8	0.036900
9	0.048200
10	0.320600
11	0.130500
12	0.147600
13	0.961900
14	1.232500
15	0.161700
16	0.082300
17	0.178800
18	0.141900
19	0.088000
20	0.227000
21	0.036900
22	0.136200
23	0.397300
24	0.272400
25	0.113500
26	1.232500
27	1.098100
28	0.363200
29	1.232500
30	1.232500
31	0.102200
32	0.028400
33	0.232700
34	0.059600
35	0.082300
36	0.320600
37	0.076600
38	0.337700
39	0.456800
40	0.683800
41	1.044200
42	0.107800
43	0.522100
44	0.184400
45	0.136200
46	0.499400
47	0.088000
48	0.048200
49	0.303600
50	0.439800
51	0.505100
52	1.010200
53	0.493700
54	0.743400
55	0.184400
56	0.141900
57	0.428500
58	0.408600
59	0.088000
60	0.113500
61	0.249700
62	0.201500
63	0.374600
64	0.113500
65	0.332000
66	0.292300
67	0.533500
68	0.261100
69	1.010200
70	1.058400
71	0.261100
72	0.113500
73	0.167400
74	0.153200
75	0.119200
76	0.178800
77	0.119200
78	0.136200
79	1.232500
80	1.232500
81	0.147600
82	1.188900
83	0.244000
84	0.737800
85	0.272400
86	0.212800
87	0.173100
88	0.065300
89	0.088000
90	1.194600
91	1.232500
92	1.157700
93	0.417100
94	0.292300
95	0.297900
96	0.309300
97	0.326300
98	0.255400
99	0.261100
100	0.088000
101	0.422800
102	1.232500
103	1.205900
104	0.212800
105	0.493700
106	0.919400
107	0.161700
108	0.814400
109	0.683800
110	1.232500
111	0.178800
112	0.581700
113	0.593000
114	0.297900
115	0.402900
116	1.232500
117	0.737800
118	1.232500
119	0.201500
120	0.332000
121	0.207100
122	0.283800
123	0.201500
124	0.141900
125	0.357500
126	0.522100
127	0.261100
128	0.618600
129	1.232500
130	0.232700
131	0.266700
132	1.232500
133	0.760500
134	0.000000
135	1.232500
136	0.000000
137	0.397300
138	0.672500
139	0.141900
140	0.113500
141	0.255400
142	0.456800
143	0.771800
144	0.124900
145	0.510800
146	1.232500
147	1.129300
148	0.522100
149	1.115100
150	0.283800
151	0.184400
152	0.232700
153	0.380200
154	0.076600
155	0.272400
156	0.082300
157	0.107800
158	0.417100
159	0.434100
160	0.678200
161	0.771800
162	0.332000
163	0.249700
164	0.456800
165	0.831400
166	0.297900
167	1.232500
168	0.874000
169	0.278100
170	0.244000
171	0.238400
172	0.297900
173	0.178800
174	0.124900
175	1.232500
176	0.255400
177	0.309300
178	0.161700
179	0.161700
180	0.161700
181	0.402900
182	0.212800
183	0.754800
184	0.842700
185	0.266700
186	0.505100
187	0.266700
188	0.587400
