1	0.104800
2	0.113100
3	0.091000
4	0.074500
5	0.204100
6	0.151700
7	0.273000
8	0.099300
9	0.068900
10	0.377800
11	0.187500
12	0.173700
13	0.747300
14	1.271900
15	0.187500
16	0.052400
17	0.303300
18	0.082700
19	0.022100
20	0.256400
21	0.044100
22	0.104800
23	0.391600
24	0.377800
25	0.129600
26	1.271900
27	1.177500
28	0.355700
29	1.271900
30	1.271900
31	0.082700
32	0.008300
33	0.173700
34	0.060700
35	0.082700
36	0.278500
37	0.044100
38	0.308800
39	0.537700
40	0.725200
41	0.807900
42	0.099300
43	0.612200
44	0.165500
45	0.129600
46	0.664600
47	0.068900
48	0.099300
49	0.278500
50	0.399800
51	0.477000
52	0.868600
53	0.446700
54	0.876900
55	0.121300
56	0.129600
57	0.242700
58	0.452200
59	0.074500
60	0.113100
61	0.187500
62	0.151700
63	0.399800
64	0.129600
65	0.333700
66	0.256400
67	0.521200
68	0.295100
69	0.890700
70	1.050600
71	0.308800
72	0.195800
73	0.173700
74	0.173700
75	0.195800
76	0.129600
77	0.182000
78	0.204100
79	1.271900
80	1.271900
81	0.182000
82	1.271900
83	0.286800
84	0.824500
85	0.182000
86	0.317100
87	0.204100
88	0.044100
89	0.099300
90	1.224300
91	1.271900
92	1.080900
93	0.308800
94	0.278500
95	0.242700
96	0.256400
97	0.421900
98	0.165500
99	0.339200
100	0.099300
101	0.460500
102	1.271900
103	1.034100
104	0.187500
105	0.333700
106	1.271900
107	0.182000
108	0.799700
109	0.543200
110	1.271900
111	0.248200
112	0.603900
113	0.686600
114	0.182000
115	0.490800
116	1.271900
117	0.876900
118	1.271900
119	0.135100
120	0.421900
121	0.377800
122	0.195800
123	0.416400
124	0.135100
125	0.339200
126	0.386100
127	0.273000
128	0.620400
129	1.271900
130	0.135100
131	0.143400
132	0.943100
133	0.446700
134	0.226100
135	0.507400
136	0.000000
137	1.271900
138	0.000000
139	0.091000
140	0.091000
141	0.468800
142	0.573600
143	0.921000
144	0.242700
145	0.537700
146	1.268500
147	1.271900
148	0.482600
149	1.111300
150	0.317100
151	0.234400
152	0.325400
153	0.377800
154	0.113100
155	0.204100
156	0.074500
157	0.099300
158	0.452200
159	0.369500
160	0.672800
161	0.739000
162	0.308800
163	0.295100
164	0.512900
165	0.998200
166	0.226100
167	1.271900
168	0.998200
169	0.308800
170	0.278500
171	0.187500
172	0.377800
173	0.226100
174	0.104800
175	1.271900
176	0.264700
177	0.217800
178	0.091000
179	0.143400
180	0.187500
181	0.521200
182	0.135100
183	0.854800
184	0.739000
185	0.234400
186	0.490800
187	0.242700
188	0.612200
