1	0.149700
2	0.127800
3	0.081100
4	0.081100
5	0.268200
6	0.268200
7	0.249400
8	0.081100
9	0.140300
10	0.336800
11	0.240100
12	0.358600
13	0.963500
14	1.204800
15	0.277500
16	0.090400
17	0.249400
18	0.149700
19	0.059200
20	0.159000
21	0.109100
22	0.118500
23	0.495800
24	0.399100
25	0.099800
26	1.204800
27	1.044600
28	0.336800
29	1.204800
30	1.204800
31	0.109100
32	0.040500
33	0.249400
34	0.009400
35	0.109100
36	0.336800
37	0.081100
38	0.386600
39	0.477100
40	0.686000
41	0.954100
42	0.099800
43	0.654800
44	0.177700
45	0.218300
46	0.408500
47	0.099800
48	0.090400
49	0.299300
50	0.436500
51	0.495800
52	0.767100
53	0.358600
54	0.854400
55	0.149700
56	0.240100
57	0.386600
58	0.408500
59	0.109100
60	0.149700
61	0.408500
62	0.240100
63	0.427200
64	0.118500
65	0.349200
66	0.327400
67	0.467700
68	0.399100
69	1.053900
70	1.181800
71	0.277500
72	0.127800
73	0.127800
74	0.140300
75	0.159000
76	0.218300
77	0.199600
78	0.286900
79	1.204800
80	1.204800
81	0.227600
82	1.204800
83	0.208900
84	0.558100
85	0.299300
86	0.386600
87	0.277500
88	0.059200
89	0.168400
90	0.944800
91	1.204800
92	1.035200
93	0.408500
94	0.258800
95	0.227600
96	0.277500
97	0.458400
98	0.277500
99	0.327400
100	0.099800
101	0.308700
102	1.204800
103	1.004000
104	0.268200
105	0.436500
106	1.022700
107	0.177700
108	0.785800
109	0.913600
110	1.204800
111	0.177700
112	0.845000
113	0.608000
114	0.249400
115	0.358600
116	1.204800
117	0.935400
118	1.204800
119	0.099800
120	0.626700
121	0.168400
122	0.336800
123	0.268200
124	0.099800
125	0.377300
126	0.467700
127	0.358600
128	0.467700
129	1.204800
130	0.208900
131	0.168400
132	1.113200
133	0.536300
134	0.240100
135	0.190200
136	0.208900
137	0.118500
138	0.377300
139	0.000000
140	1.204800
141	0.000000
142	0.308700
143	0.595600
144	0.159000
145	0.467700
146	1.204800
147	1.204800
148	0.399100
149	1.153700
150	0.386600
151	0.140300
152	0.308700
153	0.595600
154	0.127800
155	0.327400
156	0.127800
157	0.127800
158	0.567500
159	0.458400
160	0.813800
161	0.935400
162	0.327400
163	0.336800
164	0.576900
165	0.835700
166	0.258800
167	1.204800
168	1.035200
169	0.417800
170	0.249400
171	0.349200
172	0.218300
173	0.240100
174	0.190200
175	1.204800
176	0.299300
177	0.358600
178	0.118500
179	0.127800
180	0.208900
181	0.358600
182	0.349200
183	0.854400
184	0.767100
185	0.218300
186	0.445900
187	0.258800
188	0.586200
