1	0.085100
2	0.090800
3	0.048200
4	0.099300
5	0.243900
6	0.153200
7	0.238200
8	0.056700
9	0.076600
10	0.323300
11	0.104900
12	0.161700
13	0.862200
14	1.259300
15	0.161700
16	0.034000
17	0.139000
18	0.090800
19	0.076600
20	0.204200
21	0.062400
22	0.139000
23	0.496300
24	0.314800
25	0.124800
26	1.259300
27	1.072100
28	0.391400
29	1.259300
30	1.259300
31	0.056700
32	0.034000
33	0.181500
34	0.062400
35	0.070900
36	0.258100
37	0.076600
38	0.300600
39	0.510500
40	0.720400
41	0.692000
42	0.124800
43	0.553100
44	0.104900
45	0.133300
46	0.609800
47	0.113400
48	0.085100
49	0.229700
50	0.377200
51	0.453800
52	0.734600
53	0.348800
54	0.853700
55	0.147500
56	0.133300
57	0.309100
58	0.567200
59	0.076600
60	0.124800
61	0.229700
62	0.175800
63	0.414100
64	0.085100
65	0.391400
66	0.280800
67	0.587100
68	0.295000
69	0.987000
70	1.205400
71	0.300600
72	0.147500
73	0.167300
74	0.181500
75	0.153200
76	0.181500
77	0.181500
78	0.181500
79	1.259300
80	1.259300
81	0.181500
82	1.259300
83	0.280800
84	0.643800
85	0.190000
86	0.266600
87	0.258100
88	0.090800
89	0.209900
90	1.134500
91	1.259300
92	0.995500
93	0.371500
94	0.286500
95	0.314800
96	0.238200
97	0.323300
98	0.209900
99	0.218400
100	0.076600
101	0.363000
102	1.259300
103	1.196900
104	0.224100
105	0.337500
106	1.196900
107	0.190000
108	0.825300
109	0.743100
110	1.259300
111	0.218400
112	0.615400
113	0.595600
114	0.153200
115	0.391400
116	1.259300
117	0.728900
118	1.259300
119	0.181500
120	0.414100
121	0.229700
122	0.209900
123	0.266600
124	0.124800
125	0.272300
126	0.399900
127	0.295000
128	0.595600
129	1.259300
130	0.190000
131	0.104900
132	1.162800
133	0.433900
134	0.133300
135	0.147500
136	0.405600
137	0.224100
138	0.357400
139	0.099300
140	0.113400
141	0.553100
142	0.595600
143	0.000000
144	1.259300
145	0.000000
146	1.259300
147	1.259300
148	0.314800
149	1.259300
150	0.385700
151	0.323300
152	0.300600
153	0.538900
154	0.153200
155	0.272300
156	0.124800
157	0.119100
158	0.496300
159	0.490700
160	0.848000
161	1.001200
162	0.405600
163	0.238200
164	0.609800
165	0.785600
166	0.209900
167	1.259300
168	1.072100
169	0.414100
170	0.218400
171	0.243900
172	0.329000
173	0.280800
174	0.190000
175	1.259300
176	0.266600
177	0.286500
178	0.147500
179	0.167300
180	0.139000
181	0.442400
182	0.175800
183	0.848000
184	0.953000
185	0.224100
186	0.561600
187	0.252400
188	0.728900
