1	0.097500
2	0.097500
3	0.078600
4	0.091200
5	0.355300
6	0.154100
7	0.317600
8	0.062900
9	0.078600
10	0.317600
11	0.141500
12	0.229500
13	0.999800
14	1.232100
15	0.188600
16	0.103800
17	0.144600
18	0.081700
19	0.072300
20	0.210700
21	0.062900
22	0.113200
23	0.421300
24	0.301800
25	0.106900
26	1.232100
27	1.216800
28	0.314400
29	1.232100
30	1.232100
31	0.091200
32	0.056600
33	0.257800
34	0.069200
35	0.106900
36	0.317600
37	0.091200
38	0.336400
39	0.569100
40	0.754600
41	0.760900
42	0.088000
43	0.515600
44	0.166600
45	0.163500
46	0.575400
47	0.081700
48	0.081700
49	0.226400
50	0.415000
51	0.408700
52	0.852000
53	0.320700
54	0.848900
55	0.179200
56	0.144600
57	0.352100
58	0.396200
59	0.075500
60	0.110000
61	0.264100
62	0.201200
63	0.474800
64	0.150900
65	0.393000
66	0.276700
67	0.512500
68	0.364700
69	1.078400
70	1.150700
71	0.220100
72	0.172900
73	0.182400
74	0.132100
75	0.235800
76	0.229500
77	0.185500
78	0.210700
79	1.232100
80	1.232100
81	0.163500
82	1.113000
83	0.242100
84	0.757700
85	0.264100
86	0.298700
87	0.223200
88	0.094300
89	0.201200
90	1.232100
91	1.232100
92	1.043800
93	0.383600
94	0.179200
95	0.248400
96	0.301800
97	0.462200
98	0.220100
99	0.279800
100	0.147800
101	0.330100
102	1.232100
103	1.094100
104	0.276700
105	0.446500
106	0.987200
107	0.248400
108	0.889800
109	0.647700
110	1.232100
111	0.160300
112	0.647700
113	0.591100
114	0.204400
115	0.496800
116	1.232100
117	0.908600
118	1.232100
119	0.216900
120	0.402400
121	0.226400
122	0.216900
123	0.216900
124	0.141500
125	0.311300
126	0.352100
127	0.314400
128	0.525100
129	1.232100
130	0.163500
131	0.154100
132	1.232100
133	0.484200
134	0.220100
135	0.172900
136	0.220100
137	0.103800
138	0.317600
139	0.150900
140	0.125800
141	0.276700
142	0.424400
143	0.877200
144	0.147800
145	0.474800
146	1.232100
147	0.987200
148	0.374100
149	0.735700
150	0.283000
151	0.314400
152	0.355300
153	0.553400
154	0.000000
155	1.232100
156	0.000000
157	0.078600
158	0.613100
159	0.339600
160	0.666500
161	0.993500
162	0.424400
163	0.254700
164	0.757700
165	0.940100
166	0.336400
167	1.232100
168	0.996700
169	0.374100
170	0.216900
171	0.320700
172	0.374100
173	0.223200
174	0.163500
175	1.232100
176	0.245200
177	0.405600
178	0.182400
179	0.185500
180	0.154100
181	0.465300
182	0.204400
183	0.845800
184	0.870900
185	0.264100
186	0.572200
187	0.270400
188	0.654000
