1	0.103500
2	0.120300
3	0.022400
4	0.086700
5	0.291000
6	0.176300
7	0.335700
8	0.033600
9	0.061500
10	0.330100
11	0.142700
12	0.176300
13	0.962400
14	1.215900
15	0.204200
16	0.078300
17	0.170700
18	0.086700
19	0.067100
20	0.165100
21	0.061500
22	0.103500
23	0.439200
24	0.243400
25	0.044800
26	1.215900
27	1.133000
28	0.391700
29	1.215900
30	1.215900
31	0.067100
32	0.011200
33	0.198600
34	0.086700
35	0.097900
36	0.257400
37	0.078300
38	0.279800
39	0.506400
40	0.654600
41	0.802900
42	0.097900
43	0.604300
44	0.137100
45	0.148300
46	0.579100
47	0.086700
48	0.033600
49	0.291000
50	0.346900
51	0.472800
52	0.802900
53	0.363700
54	0.716200
55	0.142700
56	0.086700
57	0.352500
58	0.352500
59	0.103500
60	0.078300
61	0.232200
62	0.170700
63	0.330100
64	0.165100
65	0.291000
66	0.285400
67	0.534300
68	0.291000
69	0.934400
70	0.996000
71	0.313300
72	0.187400
73	0.193000
74	0.103500
75	0.226600
76	0.187400
77	0.120300
78	0.204200
79	1.215900
80	1.215900
81	0.170700
82	1.161000
83	0.232200
84	0.699400
85	0.165100
86	0.221000
87	0.237800
88	0.072700
89	0.176300
90	1.046300
91	1.215900
92	1.079900
93	0.386100
94	0.198600
95	0.237800
96	0.251800
97	0.374900
98	0.215400
99	0.274200
100	0.092300
101	0.374900
102	1.215900
103	0.923200
104	0.193000
105	0.335700
106	0.923200
107	0.159500
108	0.864500
109	0.699400
110	1.215900
111	0.193000
112	0.660200
113	0.478400
114	0.209800
115	0.489600
116	1.215900
117	0.733000
118	1.215900
119	0.114700
120	0.341300
121	0.176300
122	0.181800
123	0.198600
124	0.092300
125	0.268600
126	0.335700
127	0.209800
128	0.380500
129	1.215900
130	0.109100
131	0.176300
132	0.909200
133	0.386100
134	0.137100
135	0.120300
136	0.263000
137	0.078300
138	0.268600
139	0.092300
140	0.109100
141	0.296500
142	0.414100
143	0.923200
144	0.153900
145	0.324500
146	1.215900
147	1.088300
148	0.402900
149	0.705000
150	0.243400
151	0.176300
152	0.302100
153	0.422400
154	0.072700
155	0.243400
156	0.097900
157	0.142700
158	0.562300
159	0.517600
160	0.733000
161	0.973600
162	0.341300
163	0.341300
164	0.358100
165	0.716200
166	0.251800
167	1.215900
168	0.886900
169	0.291000
170	0.341300
171	0.215400
172	0.444800
173	0.000000
174	1.215900
175	0.000000
176	0.296500
177	0.495200
178	0.369300
179	0.391700
180	0.472800
181	0.858900
182	0.296500
183	1.088300
184	1.144200
185	0.341300
186	0.962400
187	0.302100
188	0.758200
