1	0.109300
2	0.137400
3	0.046800
4	0.099900
5	0.318600
6	0.199900
7	0.352900
8	0.062500
9	0.096800
10	0.352900
11	0.190500
12	0.203000
13	1.068200
14	1.204400
15	0.237400
16	0.087500
17	0.218600
18	0.081200
19	0.093700
20	0.228000
21	0.068700
22	0.143700
23	0.381000
24	0.340400
25	0.096800
26	1.204400
27	1.204400
28	0.321700
29	1.204400
30	1.204400
31	0.068700
32	0.034400
33	0.215500
34	0.056200
35	0.078100
36	0.265500
37	0.050000
38	0.374800
39	0.512200
40	0.665300
41	0.893300
42	0.078100
43	0.696500
44	0.178000
45	0.187400
46	0.555900
47	0.081200
48	0.059300
49	0.284200
50	0.356100
51	0.449800
52	0.759000
53	0.352900
54	0.896400
55	0.156200
56	0.140500
57	0.293600
58	0.402900
59	0.090600
60	0.112400
61	0.231100
62	0.190500
63	0.452900
64	0.115600
65	0.374800
66	0.324800
67	0.465400
68	0.284200
69	0.877600
70	1.061900
71	0.309200
72	0.149900
73	0.168700
74	0.190500
75	0.206100
76	0.184300
77	0.203000
78	0.206100
79	1.204400
80	1.204400
81	0.246700
82	1.204400
83	0.209300
84	0.777700
85	0.218600
86	0.321700
87	0.290500
88	0.084300
89	0.190500
90	1.204400
91	1.204400
92	1.121300
93	0.427900
94	0.284200
95	0.234200
96	0.262400
97	0.349800
98	0.262400
99	0.281100
100	0.084300
101	0.362300
102	1.204400
103	1.093100
104	0.243600
105	0.443500
106	0.999400
107	0.159300
108	0.983800
109	0.777700
110	1.204400
111	0.184300
112	0.634000
113	0.537200
114	0.162400
115	0.471600
116	1.204400
117	0.940100
118	1.204400
119	0.159300
120	0.365400
121	0.246700
122	0.181200
123	0.243600
124	0.124900
125	0.290500
126	0.365400
127	0.284200
128	0.537200
129	1.204400
130	0.153000
131	0.131200
132	1.133700
133	0.449800
134	0.153000
135	0.149900
136	0.237400
137	0.121800
138	0.293600
139	0.153000
140	0.103100
141	0.240500
142	0.424800
143	0.912000
144	0.131200
145	0.384200
146	1.204400
147	1.155600
148	0.477900
149	0.843300
150	0.318600
151	0.249900
152	0.327900
153	0.434100
154	0.084300
155	0.228000
156	0.128100
157	0.096800
158	0.396700
159	0.440400
160	0.702700
161	0.902600
162	0.481000
163	0.268600
164	0.462200
165	0.796400
166	0.278000
167	1.204400
168	1.061900
169	0.371700
170	0.278000
171	0.393500
172	0.371700
173	0.571600
174	0.181200
175	0.000000
176	1.204400
177	0.000000
178	0.184300
179	0.128100
180	0.509100
181	0.924500
182	0.327900
183	1.204400
184	0.974500
185	0.284200
186	0.755800
187	0.340400
188	0.868300
