1	0.124400
2	0.169600
3	0.000000
4	1.215500
5	0.000000
6	0.260100
7	1.215500
8	0.135700
9	0.426800
10	0.585100
11	0.305300
12	0.282700
13	1.215500
14	1.215500
15	0.180900
16	0.067800
17	0.248800
18	0.158300
19	0.056500
20	0.260100
21	0.124400
22	0.067800
23	0.305300
24	0.294000
25	0.113100
26	1.215500
27	1.037400
28	0.327900
29	1.215500
30	1.215500
31	0.113100
32	0.033900
33	0.271400
34	0.056500
35	0.169600
36	0.370300
37	0.113100
38	0.316600
39	0.305300
40	0.653000
41	1.037400
42	0.113100
43	0.641700
44	0.192200
45	0.079100
46	0.551200
47	0.124400
48	0.056500
49	0.339200
50	0.506000
51	0.392900
52	0.720800
53	0.339200
54	0.867800
55	0.124400
56	0.169600
57	0.359000
58	0.517300
59	0.124400
60	0.135700
61	0.226100
62	0.214800
63	0.494700
64	0.067800
65	0.294000
66	0.294000
67	0.381600
68	0.260100
69	1.079800
70	1.091100
71	0.203500
72	0.124400
73	0.135700
74	0.147000
75	0.180900
76	0.147000
77	0.180900
78	0.147000
79	1.215500
80	1.215500
81	0.101800
82	1.215500
83	0.237400
84	0.811300
85	0.316600
86	0.426800
87	0.203500
88	0.045200
89	0.180900
90	1.215500
91	1.215500
92	1.113700
93	0.305300
94	0.339200
95	0.226100
96	0.226100
97	0.350500
98	0.237400
99	0.350500
100	0.192200
101	0.327900
102	1.136300
103	1.037400
104	0.260100
105	0.449500
106	0.732100
107	0.169600
108	0.867800
109	0.743400
110	1.215500
111	0.237400
112	0.573800
113	0.438100
114	0.203500
115	0.359000
116	1.215500
117	0.788700
118	1.215500
119	0.214800
120	0.483400
121	0.214800
122	0.226100
123	0.180900
124	0.090500
125	0.135700
126	0.214800
127	0.192200
128	0.551200
129	1.215500
130	0.124400
131	0.147000
132	1.048700
133	0.381600
134	0.180900
135	0.101800
136	0.158300
137	0.113100
138	0.271400
139	0.180900
140	0.090500
141	0.271400
142	0.327900
143	0.901700
144	0.158300
145	0.415500
146	1.181600
147	1.048700
148	0.404200
149	0.732100
150	0.359000
151	0.203500
152	0.248800
153	0.472100
154	0.135700
155	0.271400
156	0.090500
157	0.101800
158	0.517300
159	0.449500
160	0.596400
161	0.992200
162	0.404200
163	0.294000
164	0.585100
165	0.675600
166	0.226100
167	1.215500
168	0.845200
169	0.271400
170	0.192200
171	0.203500
172	0.316600
173	0.158300
174	0.169600
175	1.215500
176	0.327900
177	0.282700
178	0.124400
179	0.124400
180	0.101800
181	0.472100
182	0.271400
183	0.867800
184	0.845200
185	0.260100
186	0.596400
187	0.248800
188	0.653000
