1	0.100600
2	0.153800
3	0.065100
4	0.065100
5	0.363800
6	0.198200
7	0.254400
8	0.044400
9	0.000000
10	0.399300
11	0.198200
12	0.242600
13	1.215800
14	1.050100
15	0.000000
16	1.215800
17	0.000000
18	0.298800
19	0.221900
20	0.210000
21	0.266200
22	0.144900
23	1.195100
24	0.331300
25	0.198200
26	1.215800
27	1.215800
28	0.387500
29	1.215800
30	1.215800
31	0.221900
32	0.032500
33	0.210000
34	0.121300
35	0.076900
36	0.298800
37	0.065100
38	0.343100
39	0.751400
40	0.739500
41	0.730600
42	0.056200
43	0.520600
44	0.286900
45	0.144900
46	0.541300
47	0.065100
48	0.076900
49	0.319500
50	0.331300
51	0.443700
52	0.807600
53	0.420000
54	0.872600
55	0.144900
56	0.109400
57	0.399300
58	0.375700
59	0.100600
60	0.076900
61	0.221900
62	0.133100
63	0.431900
64	0.144900
65	0.331300
66	0.408200
67	0.464400
68	0.233700
69	1.038300
70	1.005800
71	0.275100
72	0.121300
73	0.198200
74	0.177500
75	0.210000
76	0.221900
77	0.210000
78	0.242600
79	1.215800
80	1.215800
81	0.233700
82	1.017600
83	0.210000
84	0.662600
85	0.221900
86	0.310600
87	0.198200
88	0.076900
89	0.165700
90	1.215800
91	1.215800
92	0.985000
93	0.343100
94	0.266200
95	0.210000
96	0.254400
97	0.319500
98	0.210000
99	0.242600
100	0.133100
101	0.387500
102	1.215800
103	1.127000
104	0.266200
105	0.343100
106	1.118200
107	0.177500
108	1.017600
109	0.641900
110	1.215800
111	0.165700
112	0.618200
113	0.585700
114	0.177500
115	0.585700
116	1.215800
117	0.828300
118	1.215800
119	0.144900
120	0.331300
121	0.210000
122	0.144900
123	0.177500
124	0.144900
125	0.343100
126	0.363800
127	0.210000
128	0.420000
129	1.215800
130	0.109400
131	0.133100
132	1.029400
133	0.485100
134	0.144900
135	0.153800
136	0.153800
137	0.076900
138	0.254400
139	0.165700
140	0.100600
141	0.298800
142	0.363800
143	0.739500
144	0.056200
145	0.399300
146	1.215800
147	1.106300
148	0.431900
149	0.718800
150	0.363800
151	0.210000
152	0.221900
153	0.485100
154	0.065100
155	0.298800
156	0.133100
157	0.056200
158	0.520600
159	0.497000
160	0.618200
161	0.828300
162	0.399300
163	0.242600
164	0.508800
165	0.641900
166	0.242600
167	1.215800
168	0.973200
169	0.254400
170	0.177500
171	0.254400
172	0.363800
173	0.233700
174	0.153800
175	1.215800
176	0.275100
177	0.275100
178	0.144900
179	0.121300
180	0.109400
181	0.508800
182	0.165700
183	0.783900
184	0.763200
185	0.198200
186	0.529500
187	0.266200
188	0.476300
