1	0.164700
2	0.185600
3	0.185600
4	0.143700
5	0.595800
6	0.227500
7	0.350300
8	0.122800
9	0.164700
10	0.350300
11	0.215600
12	0.227500
13	1.152700
14	1.059900
15	0.266500
16	0.278400
17	0.000000
18	1.241000
19	0.000000
20	0.392200
21	0.338300
22	0.185600
23	1.059900
24	0.628700
25	0.245500
26	1.241000
27	1.224600
28	0.473100
29	1.241000
30	1.241000
31	0.173700
32	0.164700
33	0.401200
34	0.206600
35	0.173700
36	0.904200
37	0.113800
38	0.359300
39	0.607800
40	0.709600
41	1.047900
42	0.134700
43	0.595800
44	0.194600
45	0.194600
46	0.473100
47	0.164700
48	0.080800
49	0.329300
50	0.392200
51	0.524000
52	0.607800
53	0.410200
54	0.730500
55	0.245500
56	0.143700
57	0.443100
58	0.565900
59	0.122800
60	0.134700
61	0.236500
62	0.185600
63	0.422200
64	0.155700
65	0.371300
66	0.194600
67	0.494000
68	0.410200
69	0.967100
70	1.089800
71	0.236500
72	0.185600
73	0.185600
74	0.134700
75	0.227500
76	0.173700
77	0.215600
78	0.173700
79	1.241000
80	1.241000
81	0.215600
82	1.241000
83	0.287400
84	0.718600
85	0.287400
86	0.338300
87	0.194600
88	0.041900
89	0.185600
90	0.955100
91	1.241000
92	1.018000
93	0.464100
94	0.266500
95	0.227500
96	0.278400
97	0.494000
98	0.194600
99	0.236500
100	0.134700
101	0.392200
102	1.241000
103	1.241000
104	0.257500
105	0.464100
106	0.997000
107	0.185600
108	0.865300
109	0.709600
110	1.241000
111	0.185600
112	0.607800
113	0.535900
114	0.185600
115	0.278400
116	1.241000
117	0.916200
118	1.241000
119	0.071900
120	0.473100
121	0.155700
122	0.194600
123	0.236500
124	0.092800
125	0.329300
126	0.329300
127	0.245500
128	0.431100
129	1.241000
130	0.227500
131	0.194600
132	0.916200
133	0.494000
134	0.164700
135	0.245500
136	0.236500
137	0.113800
138	0.350300
139	0.155700
140	0.155700
141	0.338300
142	0.422200
143	0.718600
144	0.134700
145	0.392200
146	1.241000
147	1.029900
148	0.329300
149	0.781400
150	0.215600
151	0.185600
152	0.236500
153	0.371300
154	0.050900
155	0.227500
156	0.071900
157	0.122800
158	0.443100
159	0.422200
160	0.688600
161	0.916200
162	0.350300
163	0.299400
164	0.452100
165	0.781400
166	0.299400
167	1.241000
168	0.844300
169	0.299400
170	0.185600
171	0.266500
172	0.308400
173	0.257500
174	0.155700
175	1.241000
176	0.236500
177	0.350300
178	0.134700
179	0.185600
180	0.134700
181	0.565900
182	0.317400
183	0.793400
184	0.997000
185	0.287400
186	0.535900
187	0.245500
188	0.883200
