1	0.126400
2	0.091900
3	0.054600
4	0.068900
5	0.327400
6	0.091900
7	0.350400
8	0.043100
9	0.077500
10	0.390600
11	0.175200
12	0.175200
13	0.999500
14	1.140300
15	0.175200
16	0.126400
17	0.224000
18	0.166600
19	0.166600
20	0.287200
21	0.097700
22	0.126400
23	1.034000
24	0.000000
25	1.190500
26	0.000000
27	1.190500
28	1.180500
29	1.190500
30	1.190500
31	0.112000
32	0.054600
33	0.315900
34	0.106300
35	0.244100
36	0.496900
37	0.106300
38	0.336000
39	0.649100
40	0.574400
41	0.867400
42	0.112000
43	0.672100
44	0.146500
45	0.180900
46	0.600300
47	0.091900
48	0.048800
49	0.341800
50	0.453800
51	0.376300
52	0.614600
53	0.364800
54	0.824300
55	0.160800
56	0.140700
57	0.336000
58	0.405000
59	0.083300
60	0.097700
61	0.215400
62	0.166600
63	0.376300
64	0.112000
65	0.390600
66	0.229800
67	0.473900
68	0.364800
69	1.042600
70	1.013900
71	0.336000
72	0.224000
73	0.175200
74	0.146500
75	0.140700
76	0.229800
77	0.140700
78	0.215400
79	1.190500
80	1.190500
81	0.160800
82	1.105800
83	0.258500
84	0.775500
85	0.215400
86	0.321700
87	0.175200
88	0.063200
89	0.132100
90	1.005300
91	1.190500
92	1.131600
93	0.399200
94	0.238400
95	0.140700
96	0.307300
97	0.307300
98	0.209700
99	0.264200
100	0.097700
101	0.336000
102	1.190500
103	0.985200
104	0.238400
105	0.287200
106	0.956400
107	0.195300
108	0.643400
109	0.594500
110	1.190500
111	0.224000
112	0.565800
113	0.468200
114	0.091900
115	0.425100
116	1.190500
117	0.881800
118	1.190500
119	0.175200
120	0.293000
121	0.180900
122	0.209700
123	0.229800
124	0.083300
125	0.278600
126	0.293000
127	0.189600
128	0.517000
129	1.190500
130	0.097700
131	0.091900
132	1.062700
133	0.390600
134	0.160800
135	0.132100
136	0.166600
137	0.117800
138	0.229800
139	0.091900
140	0.068900
141	0.244100
142	0.405000
143	0.784100
144	0.126400
145	0.356200
146	1.190500
147	0.858800
148	0.370500
149	0.761100
150	0.327400
151	0.140700
152	0.278600
153	0.384900
154	0.048800
155	0.195300
156	0.083300
157	0.132100
158	0.433700
159	0.405000
160	0.517000
161	0.950700
162	0.473900
163	0.229800
164	0.560100
165	0.712300
166	0.229800
167	1.190500
168	0.881800
169	0.425100
170	0.175200
171	0.252800
172	0.272900
173	0.189600
174	0.054600
175	1.190500
176	0.195300
177	0.244100
178	0.155100
179	0.112000
180	0.132100
181	0.370500
182	0.229800
183	0.712300
184	0.901900
185	0.244100
186	0.531400
187	0.238400
188	0.580200
