1	0.093600
2	0.133800
3	0.083600
4	0.076900
5	0.394600
6	0.180600
7	0.371200
8	0.056800
9	0.073600
10	0.381200
11	0.170500
12	0.200600
13	1.033200
14	1.156100
15	0.224000
16	0.093600
17	0.237400
18	0.123700
19	0.063500
20	0.264200
21	0.063500
22	0.120400
23	0.438000
24	0.250800
25	0.448100
26	0.996500
27	0.000000
28	1.156100
29	0.000000
30	1.156100
31	0.020100
32	0.056800
33	0.160500
34	0.123700
35	0.113700
36	0.688800
37	0.090300
38	0.454800
39	0.531700
40	0.571800
41	0.782500
42	0.090300
43	0.611900
44	0.197300
45	0.150500
46	0.628600
47	0.060200
48	0.070200
49	0.354400
50	0.367800
51	0.394600
52	0.812500
53	0.357800
54	0.916200
55	0.137100
56	0.133800
57	0.347800
58	0.354400
59	0.090300
60	0.093600
61	0.327700
62	0.224000
63	0.521600
64	0.127100
65	0.444700
66	0.311000
67	0.481500
68	0.327700
69	1.026600
70	1.123500
71	0.314300
72	0.183900
73	0.210700
74	0.147100
75	0.224000
76	0.227400
77	0.173900
78	0.173900
79	1.156100
80	1.156100
81	0.207300
82	1.156100
83	0.254100
84	0.815900
85	0.254100
86	0.347800
87	0.204000
88	0.086900
89	0.160500
90	1.156100
91	1.156100
92	1.156100
93	0.468100
94	0.274200
95	0.197300
96	0.307600
97	0.444700
98	0.230700
99	0.287600
100	0.070200
101	0.387900
102	1.156100
103	1.146900
104	0.331000
105	0.518300
106	1.023200
107	0.173900
108	0.959700
109	0.782500
110	1.156100
111	0.197300
112	0.628600
113	0.521600
114	0.237400
115	0.464800
116	1.156100
117	0.983100
118	1.156100
119	0.177200
120	0.404600
121	0.200600
122	0.224000
123	0.210700
124	0.137100
125	0.287600
126	0.341100
127	0.280900
128	0.565100
129	1.156100
130	0.117000
131	0.187300
132	1.156100
133	0.531700
134	0.150500
135	0.160500
136	0.210700
137	0.123700
138	0.337700
139	0.073600
140	0.090300
141	0.321000
142	0.481500
143	0.946300
144	0.147100
145	0.434700
146	1.156100
147	1.150300
148	0.468100
149	0.849300
150	0.327700
151	0.193900
152	0.264200
153	0.424700
154	0.070200
155	0.220700
156	0.080300
157	0.097000
158	0.481500
159	0.438000
160	0.739000
161	1.009800
162	0.444700
163	0.307600
164	0.504900
165	0.805900
166	0.267500
167	1.156100
168	1.126900
169	0.351100
170	0.217300
171	0.304300
172	0.297600
173	0.237400
174	0.183900
175	1.156100
176	0.244100
177	0.418000
178	0.133800
179	0.200600
180	0.157200
181	0.451400
182	0.277500
183	0.932900
184	0.959700
185	0.277500
186	0.622000
187	0.257500
188	0.688800
